0.500000 0.500000 0.500000 0.500000 0.500000 0.500000 0.500000 0.500000 0.500000 
0.500000 0.500000 0.531209 0.924142 0.777300 0.924142 0.924142 0.924142 0.500000 
0.500000 0.500000 0.233094 0.983703 0.911229 0.924142 0.934383 0.979895 0.500000 
0.500000 0.500000 0.137022 0.983734 0.962184 0.924142 0.762325 0.989607 0.500000 
0.500000 0.500000 0.110192 0.978004 0.970019 0.924142 0.664878 0.991925 0.500000 
0.500000 0.500000 0.106360 0.971358 0.971480 0.924142 0.634359 0.992233 0.500000 
0.500000 0.500000 0.105664 0.966073 0.971242 0.924142 0.629902 0.992289 0.500000 
0.500000 0.500000 0.105764 0.962381 0.970886 0.924142 0.629092 0.992280 0.500000 
0.500000 0.500000 0.105925 0.959996 0.970593 0.924142 0.629208 0.992266 0.500000 
0.500000 0.500000 0.106059 0.958517 0.970395 0.924142 0.629396 0.992255 0.500000 
0.500000 0.500000 0.106149 0.957622 0.970269 0.924142 0.629552 0.992248 0.500000 
0.500000 0.500000 0.106207 0.957088 0.970192 0.924142 0.629657 0.992243 0.500000 
0.500000 0.500000 0.106242 0.956772 0.970146 0.924142 0.629724 0.992240 0.500000 
0.500000 0.500000 0.106263 0.956586 0.970118 0.924142 0.629766 0.992238 0.500000 
0.500000 0.500000 0.106276 0.956477 0.970102 0.924142 0.629790 0.992237 0.500000 
0.500000 0.500000 0.106284 0.956414 0.970093 0.924142 0.629805 0.992236 0.500000 
0.500000 0.500000 0.106288 0.956376 0.970087 0.924142 0.629814 0.992236 0.500000 
0.500000 0.500000 0.106290 0.956354 0.970084 0.924142 0.629819 0.992236 0.500000 
0.500000 0.500000 0.106292 0.956342 0.970082 0.924142 0.629822 0.992236 0.500000 
0.500000 0.500000 0.106293 0.956334 0.970081 0.924142 0.629824 0.992236 0.500000 
0.500000 0.500000 0.106293 0.956330 0.970080 0.924142 0.629825 0.992236 0.500000 
0.500000 0.500000 0.106294 0.956327 0.970080 0.924142 0.629825 0.992236 0.500000 
0.500000 0.500000 0.106294 0.956326 0.970079 0.924142 0.629826 0.992235 0.500000 
0.500000 0.500000 0.106294 0.956325 0.970079 0.924142 0.629826 0.992235 0.500000 
0.500000 0.500000 0.106294 0.956324 0.970079 0.924142 0.629826 0.992235 0.500000 
0.500000 0.500000 0.106294 0.956324 0.970079 0.924142 0.629826 0.992235 0.500000 
0.500000 0.500000 0.106294 0.956324 0.970079 0.924142 0.629826 0.992235 0.500000 
0.500000 0.500000 0.106294 0.956324 0.970079 0.924142 0.629826 0.992235 0.500000 
0.500000 0.500000 0.106294 0.956324 0.970079 0.924142 0.629826 0.992235 0.500000 
0.500000 0.500000 0.106294 0.956324 0.970079 0.924142 0.629826 0.992235 0.500000 
0.500000 0.500000 0.106294 0.956324 0.970079 0.924142 0.629826 0.992235 0.500000 
0.500000 0.500000 0.106294 0.956324 0.970079 0.924142 0.629826 0.992235 0.500000 
0.500000 0.500000 0.106294 0.956324 0.970079 0.924142 0.629826 0.992235 0.500000 
0.500000 0.500000 0.106294 0.956324 0.970079 0.924142 0.629826 0.992235 0.500000 
0.500000 0.500000 0.106294 0.956324 0.970079 0.924142 0.629826 0.992235 0.500000 
0.500000 0.500000 0.106294 0.956324 0.970079 0.924142 0.629826 0.992235 0.500000 
0.500000 0.500000 0.106294 0.956324 0.970079 0.924142 0.629826 0.992235 0.500000 
0.500000 0.500000 0.106294 0.956324 0.970079 0.924142 0.629826 0.992235 0.500000 
0.500000 0.500000 0.106294 0.956324 0.970079 0.924142 0.629826 0.992235 0.500000 
0.500000 0.500000 0.106294 0.956324 0.970079 0.924142 0.629826 0.992235 0.500000 
0.500000 0.500000 0.106294 0.956324 0.970079 0.924142 0.629826 0.992235 0.500000 
0.500000 0.500000 0.106294 0.956324 0.970079 0.924142 0.629826 0.992235 0.500000 
0.500000 0.500000 0.106294 0.956324 0.970079 0.924142 0.629826 0.992235 0.500000 
0.500000 0.500000 0.106294 0.956324 0.970079 0.924142 0.629826 0.992235 0.500000 
0.500000 0.500000 0.106294 0.956324 0.970079 0.924142 0.629826 0.992235 0.500000 
0.500000 0.500000 0.106294 0.956324 0.970079 0.924142 0.629826 0.992235 0.500000 
0.500000 0.500000 0.106294 0.956324 0.970079 0.924142 0.629826 0.992235 0.500000 
0.500000 0.500000 0.106294 0.956324 0.970079 0.924142 0.629826 0.992235 0.500000 
0.500000 0.500000 0.106294 0.956324 0.970079 0.924142 0.629826 0.992235 0.500000 
0.500000 0.500000 0.106294 0.956324 0.970079 0.924142 0.629826 0.992235 0.500000 
