0.993307 0.500000 0.500000 0.500000 0.500000 0.500000 0.500000 0.500000 0.500000 
0.500000 0.500000 0.869252 0.924142 0.731059 0.924142 0.924142 0.924142 0.500000 
0.500000 0.500000 0.354269 0.997948 0.742499 0.924142 0.987210 0.974798 0.500000 
0.500000 0.500000 0.288788 0.999730 0.942990 0.924142 0.854625 0.976165 0.500000 
0.500000 0.500000 0.137812 0.999956 0.953673 0.924142 0.809064 0.991119 0.500000 
0.500000 0.500000 0.121865 0.999989 0.970123 0.924142 0.665758 0.991577 0.500000 
0.500000 0.500000 0.112741 0.999997 0.971607 0.924142 0.647787 0.992237 0.500000 
0.500000 0.500000 0.111201 0.999999 0.972367 0.924142 0.637310 0.992294 0.500000 
0.500000 0.500000 0.110710 1.000000 0.972499 0.924142 0.635527 0.992323 0.500000 
0.500000 0.500000 0.110603 1.000000 0.972539 0.924142 0.634959 0.992328 0.500000 
0.500000 0.500000 0.110574 1.000000 0.972548 0.924142 0.634835 0.992330 0.500000 
0.500000 0.500000 0.110568 1.000000 0.972551 0.924142 0.634802 0.992330 0.500000 
0.500000 0.500000 0.110566 1.000000 0.972551 0.924142 0.634794 0.992330 0.500000 
0.500000 0.500000 0.110565 1.000000 0.972552 0.924142 0.634792 0.992330 0.500000 
0.500000 0.500000 0.110565 1.000000 0.972552 0.924142 0.634791 0.992330 0.500000 
0.500000 0.500000 0.110565 1.000000 0.972552 0.924142 0.634791 0.992330 0.500000 
0.500000 0.500000 0.110565 1.000000 0.972552 0.924142 0.634791 0.992330 0.500000 
0.500000 0.500000 0.110565 1.000000 0.972552 0.924142 0.634791 0.992330 0.500000 
0.500000 0.500000 0.110565 1.000000 0.972552 0.924142 0.634791 0.992330 0.500000 
0.500000 0.500000 0.110565 1.000000 0.972552 0.924142 0.634791 0.992330 0.500000 
0.500000 0.500000 0.110565 1.000000 0.972552 0.924142 0.634791 0.992330 0.500000 
0.500000 0.500000 0.110565 1.000000 0.972552 0.924142 0.634791 0.992330 0.500000 
0.500000 0.500000 0.110565 1.000000 0.972552 0.924142 0.634791 0.992330 0.500000 
0.924142 0.500000 0.110565 1.000000 0.972552 0.924142 0.634791 0.992330 0.500000 
0.500000 0.500000 0.338234 1.000000 0.972552 0.924142 0.634791 0.992330 0.500000 
0.500000 0.500000 0.125253 1.000000 0.947080 0.924142 0.844378 0.992330 0.500000 
0.500000 0.500000 0.123877 1.000000 0.971160 0.924142 0.651642 0.991297 0.500000 
0.500000 0.500000 0.112461 1.000000 0.971451 0.924142 0.650078 0.992277 0.500000 
0.500000 0.500000 0.111242 1.000000 0.972389 0.924142 0.636986 0.992288 0.500000 
0.500000 0.500000 0.110705 1.000000 0.972496 0.924142 0.635575 0.992324 0.500000 
0.500000 0.500000 0.110604 1.000000 0.972540 0.924142 0.634953 0.992328 0.500000 
0.500000 0.500000 0.110574 1.000000 0.972548 0.924142 0.634836 0.992330 0.500000 
0.500000 0.500000 0.110568 1.000000 0.972551 0.924142 0.634802 0.992330 0.500000 
0.500000 0.500000 0.110566 1.000000 0.972551 0.924142 0.634794 0.992330 0.500000 
0.500000 0.500000 0.110565 1.000000 0.972552 0.924142 0.634792 0.992330 0.500000 
0.500000 0.500000 0.110565 1.000000 0.972552 0.924142 0.634791 0.992330 0.500000 
0.500000 0.500000 0.110565 1.000000 0.972552 0.924142 0.634791 0.992330 0.500000 
0.500000 0.500000 0.110565 1.000000 0.972552 0.924142 0.634791 0.992330 0.500000 
0.500000 0.500000 0.110565 1.000000 0.972552 0.924142 0.634791 0.992330 0.500000 
0.500000 0.500000 0.110565 1.000000 0.972552 0.924142 0.634791 0.992330 0.500000 
0.500000 0.500000 0.110565 1.000000 0.972552 0.924142 0.634791 0.992330 0.500000 
0.500000 0.500000 0.110565 1.000000 0.972552 0.924142 0.634791 0.992330 0.500000 
0.500000 0.500000 0.110565 1.000000 0.972552 0.924142 0.634791 0.992330 0.500000 
0.500000 0.500000 0.110565 1.000000 0.972552 0.924142 0.634791 0.992330 0.500000 
0.500000 0.500000 0.110565 1.000000 0.972552 0.924142 0.634791 0.992330 0.500000 
0.500000 0.500000 0.110565 1.000000 0.972552 0.924142 0.634791 0.992330 0.500000 
0.500000 0.500000 0.110565 1.000000 0.972552 0.924142 0.634791 0.992330 0.500000 
0.500000 0.500000 0.110565 1.000000 0.972552 0.924142 0.634791 0.992330 0.500000 
0.500000 0.500000 0.110565 1.000000 0.972552 0.924142 0.634791 0.992330 0.500000 
0.500000 0.500000 0.110565 1.000000 0.972552 0.924142 0.634791 0.992330 0.500000 
0.993307 0.500000 0.110565 1.000000 0.972552 0.924142 0.634791 0.992330 0.500000 
0.500000 0.500000 0.391592 1.000000 0.972552 0.924142 0.634791 0.992330 0.500000 
0.500000 0.500000 0.127801 1.000000 0.938459 0.924142 0.876312 0.992330 0.500000 
0.500000 0.500000 0.128407 1.000000 0.970900 0.924142 0.654528 0.990918 0.500000 
0.500000 0.500000 0.112990 1.000000 0.971069 0.924142 0.655213 0.992267 0.500000 
0.500000 0.500000 0.111465 1.000000 0.972342 0.924142 0.637597 0.992274 0.500000 
0.500000 0.500000 0.110748 1.000000 0.972477 0.924142 0.635833 0.992322 0.500000 
0.500000 0.500000 0.110616 1.000000 0.972536 0.924142 0.635002 0.992327 0.500000 
0.500000 0.500000 0.110577 1.000000 0.972547 0.924142 0.634850 0.992330 0.500000 
0.500000 0.500000 0.110568 1.000000 0.972551 0.924142 0.634805 0.992330 0.500000 
0.500000 0.500000 0.110566 1.000000 0.972551 0.924142 0.634795 0.992330 0.500000 
0.500000 0.500000 0.110565 1.000000 0.972552 0.924142 0.634792 0.992330 0.500000 
0.500000 0.500000 0.110565 1.000000 0.972552 0.924142 0.634791 0.992330 0.500000 
0.500000 0.500000 0.110565 1.000000 0.972552 0.924142 0.634791 0.992330 0.500000 
0.500000 0.500000 0.110565 1.000000 0.972552 0.924142 0.634791 0.992330 0.500000 
0.500000 0.500000 0.110565 1.000000 0.972552 0.924142 0.634791 0.992330 0.500000 
0.500000 0.500000 0.110565 1.000000 0.972552 0.924142 0.634791 0.992330 0.500000 
0.500000 0.500000 0.110565 1.000000 0.972552 0.924142 0.634791 0.992330 0.500000 
0.500000 0.500000 0.110565 1.000000 0.972552 0.924142 0.634791 0.992330 0.500000 
0.500000 0.500000 0.110565 1.000000 0.972552 0.924142 0.634791 0.992330 0.500000 
0.500000 0.500000 0.110565 1.000000 0.972552 0.924142 0.634791 0.992330 0.500000 
0.500000 0.500000 0.110565 1.000000 0.972552 0.924142 0.634791 0.992330 0.500000 
0.500000 0.500000 0.110565 1.000000 0.972552 0.924142 0.634791 0.992330 0.500000 
0.500000 0.500000 0.110565 1.000000 0.972552 0.924142 0.634791 0.992330 0.500000 
0.500000 0.500000 0.110565 1.000000 0.972552 0.924142 0.634791 0.992330 0.500000 
0.500000 0.500000 0.110565 1.000000 0.972552 0.924142 0.634791 0.992330 0.500000 
0.500000 0.500000 0.110565 1.000000 0.972552 0.924142 0.634791 0.992330 0.500000 
0.924142 0.500000 0.110565 1.000000 0.972552 0.924142 0.634791 0.992330 0.500000 
0.500000 0.500000 0.338234 1.000000 0.972552 0.924142 0.634791 0.992330 0.500000 
0.500000 0.500000 0.125253 1.000000 0.947080 0.924142 0.844378 0.992330 0.500000 
0.500000 0.500000 0.123877 1.000000 0.971160 0.924142 0.651642 0.991297 0.500000 
0.500000 0.500000 0.112461 1.000000 0.971451 0.924142 0.650078 0.992277 0.500000 
0.500000 0.500000 0.111242 1.000000 0.972389 0.924142 0.636986 0.992288 0.500000 
0.500000 0.500000 0.110705 1.000000 0.972496 0.924142 0.635575 0.992324 0.500000 
0.500000 0.500000 0.110604 1.000000 0.972540 0.924142 0.634953 0.992328 0.500000 
0.500000 0.500000 0.110574 1.000000 0.972548 0.924142 0.634836 0.992330 0.500000 
0.500000 0.500000 0.110568 1.000000 0.972551 0.924142 0.634802 0.992330 0.500000 
0.500000 0.500000 0.110566 1.000000 0.972551 0.924142 0.634794 0.992330 0.500000 
0.500000 0.500000 0.110565 1.000000 0.972552 0.924142 0.634792 0.992330 0.500000 
0.500000 0.500000 0.110565 1.000000 0.972552 0.924142 0.634791 0.992330 0.500000 
0.500000 0.500000 0.110565 1.000000 0.972552 0.924142 0.634791 0.992330 0.500000 
0.500000 0.500000 0.110565 1.000000 0.972552 0.924142 0.634791 0.992330 0.500000 
0.500000 0.500000 0.110565 1.000000 0.972552 0.924142 0.634791 0.992330 0.500000 
0.500000 0.500000 0.110565 1.000000 0.972552 0.924142 0.634791 0.992330 0.500000 
0.500000 0.500000 0.110565 1.000000 0.972552 0.924142 0.634791 0.992330 0.500000 
0.500000 0.500000 0.110565 1.000000 0.972552 0.924142 0.634791 0.992330 0.500000 
0.500000 0.500000 0.110565 1.000000 0.972552 0.924142 0.634791 0.992330 0.500000 
0.500000 0.500000 0.110565 1.000000 0.972552 0.924142 0.634791 0.992330 0.500000 
0.500000 0.500000 0.110565 1.000000 0.972552 0.924142 0.634791 0.992330 0.500000 
0.500000 0.500000 0.110565 1.000000 0.972552 0.924142 0.634791 0.992330 0.500000 
0.500000 0.500000 0.110565 1.000000 0.972552 0.924142 0.634791 0.992330 0.500000 
0.500000 0.500000 0.110565 1.000000 0.972552 0.924142 0.634791 0.992330 0.500000 
0.500000 0.500000 0.110565 1.000000 0.972552 0.924142 0.634791 0.992330 0.500000 
0.500000 0.500000 0.110565 1.000000 0.972552 0.924142 0.634791 0.992330 0.500000 
