0.500000 0.500000 0.500000 0.500000 0.500000 0.500000 0.500000 0.500000 0.500000 
0.500000 0.500000 0.531209 0.924142 0.531209 0.924142 0.924142 0.924142 0.500000 
0.500000 0.500000 0.494189 0.983703 0.756486 0.924142 0.934383 0.934383 0.500000 
0.500000 0.500000 0.250996 0.992907 0.813331 0.924142 0.922080 0.977739 0.500000 
0.500000 0.500000 0.203699 0.990664 0.934139 0.924142 0.778161 0.983154 0.500000 
0.500000 0.500000 0.125959 0.987211 0.946375 0.924142 0.734680 0.990721 0.500000 
0.500000 0.500000 0.119697 0.980267 0.961965 0.924142 0.652443 0.991267 0.500000 
0.500000 0.500000 0.112111 0.973939 0.962359 0.924142 0.645310 0.991917 0.500000 
0.500000 0.500000 0.111925 0.968500 0.963033 0.924142 0.636581 0.991932 0.500000 
0.500000 0.500000 0.111607 0.964705 0.962533 0.924142 0.636366 0.991959 0.500000 
0.500000 0.500000 0.111843 0.962183 0.962213 0.924142 0.635998 0.991939 0.500000 
0.500000 0.500000 0.111994 0.960616 0.961921 0.924142 0.636271 0.991927 0.500000 
0.500000 0.500000 0.112132 0.959665 0.961738 0.924142 0.636446 0.991915 0.500000 
0.500000 0.500000 0.112219 0.959101 0.961618 0.924142 0.636605 0.991907 0.500000 
0.500000 0.500000 0.112275 0.958771 0.961546 0.924142 0.636705 0.991903 0.500000 
0.500000 0.500000 0.112309 0.958578 0.961503 0.924142 0.636771 0.991900 0.500000 
0.500000 0.500000 0.112330 0.958467 0.961478 0.924142 0.636810 0.991898 0.500000 
0.500000 0.500000 0.112342 0.958402 0.961463 0.924142 0.636834 0.991897 0.500000 
0.500000 0.500000 0.112349 0.958365 0.961454 0.924142 0.636848 0.991896 0.500000 
0.500000 0.500000 0.112353 0.958344 0.961449 0.924142 0.636856 0.991896 0.500000 
0.500000 0.500000 0.112355 0.958331 0.961446 0.924142 0.636861 0.991896 0.500000 
0.500000 0.500000 0.112357 0.958324 0.961445 0.924142 0.636864 0.991896 0.500000 
0.500000 0.500000 0.112358 0.958320 0.961444 0.924142 0.636865 0.991896 0.500000 
0.500000 0.500000 0.112358 0.958318 0.961443 0.924142 0.636866 0.991896 0.500000 
0.500000 0.500000 0.112358 0.958316 0.961443 0.924142 0.636867 0.991896 0.500000 
0.500000 0.500000 0.112358 0.958316 0.961442 0.924142 0.636867 0.991896 0.500000 
0.500000 0.500000 0.112359 0.958315 0.961442 0.924142 0.636867 0.991896 0.500000 
0.500000 0.500000 0.112359 0.958315 0.961442 0.924142 0.636867 0.991896 0.500000 
0.500000 0.500000 0.112359 0.958315 0.961442 0.924142 0.636867 0.991896 0.500000 
0.500000 0.500000 0.112359 0.958315 0.961442 0.924142 0.636867 0.991896 0.500000 
0.500000 0.500000 0.112359 0.958315 0.961442 0.924142 0.636867 0.991896 0.500000 
0.500000 0.500000 0.112359 0.958315 0.961442 0.924142 0.636867 0.991896 0.500000 
0.500000 0.500000 0.112359 0.958315 0.961442 0.924142 0.636867 0.991896 0.500000 
0.500000 0.500000 0.112359 0.958315 0.961442 0.924142 0.636867 0.991896 0.500000 
0.500000 0.500000 0.112359 0.958315 0.961442 0.924142 0.636867 0.991896 0.500000 
0.500000 0.500000 0.112359 0.958315 0.961442 0.924142 0.636867 0.991896 0.500000 
0.500000 0.500000 0.112359 0.958315 0.961442 0.924142 0.636867 0.991896 0.500000 
0.500000 0.500000 0.112359 0.958315 0.961442 0.924142 0.636867 0.991896 0.500000 
0.500000 0.500000 0.112359 0.958315 0.961442 0.924142 0.636867 0.991896 0.500000 
0.500000 0.500000 0.112359 0.958315 0.961442 0.924142 0.636867 0.991896 0.500000 
0.500000 0.500000 0.112359 0.958315 0.961442 0.924142 0.636867 0.991896 0.500000 
0.500000 0.500000 0.112359 0.958315 0.961442 0.924142 0.636867 0.991896 0.500000 
0.500000 0.500000 0.112359 0.958315 0.961442 0.924142 0.636867 0.991896 0.500000 
0.500000 0.500000 0.112359 0.958315 0.961442 0.924142 0.636867 0.991896 0.500000 
0.500000 0.500000 0.112359 0.958315 0.961442 0.924142 0.636867 0.991896 0.500000 
0.500000 0.500000 0.112359 0.958315 0.961442 0.924142 0.636867 0.991896 0.500000 
0.500000 0.500000 0.112359 0.958315 0.961442 0.924142 0.636867 0.991896 0.500000 
0.500000 0.500000 0.112359 0.958315 0.961442 0.924142 0.636867 0.991896 0.500000 
0.500000 0.500000 0.112359 0.958315 0.961442 0.924142 0.636867 0.991896 0.500000 
0.500000 0.500000 0.112359 0.958315 0.961442 0.924142 0.636867 0.991896 0.500000 
