0.500000 0.500000 0.500000 0.500000 0.500000 0.500000 0.500000 0.500000 0.500000 
0.500000 0.500000 0.500000 0.924142 0.679179 0.924142 0.924142 0.924142 0.500000 
0.500000 0.500000 0.289895 0.982014 0.878868 0.924142 0.924142 0.967576 0.500000 
0.500000 0.500000 0.057854 0.985581 0.952489 0.924142 0.809918 0.987804 0.500000 
0.500000 0.500000 0.006352 0.973753 0.980576 0.924142 0.571818 0.991528 0.500000 
0.500000 0.500000 0.000578 0.956121 0.984662 0.924142 0.507939 0.992630 0.500000 
0.500000 0.500000 0.000051 0.939550 0.984604 0.924142 0.500722 0.992778 0.500000 
0.500000 0.500000 0.000005 0.926843 0.983927 0.924142 0.500064 0.992775 0.500000 
0.500000 0.500000 0.000000 0.918067 0.983301 0.924142 0.500006 0.992751 0.500000 
0.500000 0.500000 0.000000 0.912351 0.982838 0.924142 0.500001 0.992729 0.500000 
0.500000 0.500000 0.000000 0.908750 0.982525 0.924142 0.500000 0.992712 0.500000 
0.500000 0.500000 0.000000 0.906526 0.982324 0.924142 0.500000 0.992701 0.500000 
0.500000 0.500000 0.000000 0.905169 0.982198 0.924142 0.500000 0.992693 0.500000 
0.500000 0.500000 0.000000 0.904346 0.982120 0.924142 0.500000 0.992689 0.500000 
0.500000 0.500000 0.000000 0.903849 0.982073 0.924142 0.500000 0.992686 0.500000 
0.500000 0.500000 0.000000 0.903549 0.982045 0.924142 0.500000 0.992684 0.500000 
0.500000 0.500000 0.000000 0.903370 0.982027 0.924142 0.500000 0.992683 0.500000 
0.500000 0.500000 0.000000 0.903261 0.982017 0.924142 0.500000 0.992682 0.500000 
0.500000 0.500000 0.000000 0.903196 0.982011 0.924142 0.500000 0.992682 0.500000 
0.500000 0.500000 0.000000 0.903158 0.982007 0.924142 0.500000 0.992682 0.500000 
0.500000 0.500000 0.000000 0.903134 0.982005 0.924142 0.500000 0.992682 0.500000 
0.500000 0.500000 0.000000 0.903120 0.982003 0.924142 0.500000 0.992682 0.500000 
0.500000 0.500000 0.000000 0.903112 0.982002 0.924142 0.500000 0.992682 0.500000 
0.500000 0.500000 0.000000 0.903107 0.982002 0.924142 0.500000 0.992682 0.500000 
0.500000 0.500000 0.000000 0.903104 0.982002 0.924142 0.500000 0.992682 0.500000 
0.500000 0.500000 0.000000 0.903102 0.982002 0.924142 0.500000 0.992682 0.500000 
0.500000 0.500000 0.000000 0.903101 0.982001 0.924142 0.500000 0.992682 0.500000 
0.500000 0.500000 0.000000 0.903100 0.982001 0.924142 0.500000 0.992682 0.500000 
0.500000 0.500000 0.000000 0.903100 0.982001 0.924142 0.500000 0.992682 0.500000 
0.500000 0.500000 0.000000 0.903099 0.982001 0.924142 0.500000 0.992682 0.500000 
0.500000 0.500000 0.000000 0.903099 0.982001 0.924142 0.500000 0.992682 0.500000 
0.500000 0.500000 0.000000 0.903099 0.982001 0.924142 0.500000 0.992682 0.500000 
0.500000 0.500000 0.000000 0.903099 0.982001 0.924142 0.500000 0.992682 0.500000 
0.500000 0.500000 0.000000 0.903099 0.982001 0.924142 0.500000 0.992682 0.500000 
0.500000 0.500000 0.000000 0.903099 0.982001 0.924142 0.500000 0.992682 0.500000 
0.500000 0.500000 0.000000 0.903099 0.982001 0.924142 0.500000 0.992682 0.500000 
0.500000 0.500000 0.000000 0.903099 0.982001 0.924142 0.500000 0.992682 0.500000 
0.500000 0.500000 0.000000 0.903099 0.982001 0.924142 0.500000 0.992682 0.500000 
0.500000 0.500000 0.000000 0.903099 0.982001 0.924142 0.500000 0.992682 0.500000 
0.500000 0.500000 0.000000 0.903099 0.982001 0.924142 0.500000 0.992682 0.500000 
0.500000 0.500000 0.000000 0.903099 0.982001 0.924142 0.500000 0.992682 0.500000 
0.500000 0.500000 0.000000 0.903099 0.982001 0.924142 0.500000 0.992682 0.500000 
0.500000 0.500000 0.000000 0.903099 0.982001 0.924142 0.500000 0.992682 0.500000 
0.500000 0.500000 0.000000 0.903099 0.982001 0.924142 0.500000 0.992682 0.500000 
0.500000 0.500000 0.000000 0.903099 0.982001 0.924142 0.500000 0.992682 0.500000 
0.500000 0.500000 0.000000 0.903099 0.982001 0.924142 0.500000 0.992682 0.500000 
0.500000 0.500000 0.000000 0.903099 0.982001 0.924142 0.500000 0.992682 0.500000 
0.500000 0.500000 0.000000 0.903099 0.982001 0.924142 0.500000 0.992682 0.500000 
0.500000 0.500000 0.000000 0.903099 0.982001 0.924142 0.500000 0.992682 0.500000 
0.500000 0.500000 0.000000 0.903099 0.982001 0.924142 0.500000 0.992682 0.500000 
