0.500000 0.993307 0.500000 0.500000 0.500000 0.500000 0.500000 0.500000 0.500000 
0.500000 0.993307 0.694699 0.965182 0.694699 0.993081 0.924142 0.924142 0.500000 
0.500000 0.993307 0.661697 0.999320 0.902161 0.993081 0.969924 0.969924 0.500000 
0.500000 0.993307 0.373376 0.999986 0.980151 0.993081 0.964719 0.989130 0.500000 
0.500000 0.993307 0.109453 0.999999 0.999108 0.993081 0.866097 0.992614 0.500000 
0.500000 0.993307 0.022539 1.000000 0.999989 0.993081 0.633501 0.993277 0.500000 
0.500000 0.993307 0.004289 1.000000 1.000000 0.993081 0.528144 0.993307 0.500000 
0.500000 0.993307 0.000804 1.000000 1.000000 0.993081 0.505361 0.993307 0.500000 
0.500000 0.993307 0.000150 1.000000 1.000000 0.993081 0.501005 0.993307 0.500000 
0.500000 0.993307 0.000028 1.000000 1.000000 0.993081 0.500188 0.993307 0.500000 
0.500000 0.993307 0.000005 1.000000 1.000000 0.993081 0.500035 0.993307 0.500000 
0.500000 0.993307 0.000001 1.000000 1.000000 0.993081 0.500007 0.993307 0.500000 
0.500000 0.993307 0.000000 1.000000 1.000000 0.993081 0.500001 0.993307 0.500000 
0.500000 0.993307 0.000000 1.000000 1.000000 0.993081 0.500000 0.993307 0.500000 
0.500000 0.993307 0.000000 1.000000 1.000000 0.993081 0.500000 0.993307 0.500000 
0.500000 0.993307 0.000000 1.000000 1.000000 0.993081 0.500000 0.993307 0.500000 
0.500000 0.993307 0.000000 1.000000 1.000000 0.993081 0.500000 0.993307 0.500000 
0.500000 0.993307 0.000000 1.000000 1.000000 0.993081 0.500000 0.993307 0.500000 
0.500000 0.993307 0.000000 1.000000 1.000000 0.993081 0.500000 0.993307 0.500000 
0.500000 0.993307 0.000000 1.000000 1.000000 0.993081 0.500000 0.993307 0.500000 
0.500000 0.993307 0.000000 1.000000 1.000000 0.993081 0.500000 0.993307 0.500000 
0.500000 0.993307 0.000000 1.000000 1.000000 0.993081 0.500000 0.993307 0.500000 
0.500000 0.993307 0.000000 1.000000 1.000000 0.993081 0.500000 0.993307 0.500000 
0.500000 0.993307 0.000000 1.000000 1.000000 0.993081 0.500000 0.993307 0.500000 
0.500000 0.993307 0.000000 1.000000 1.000000 0.993081 0.500000 0.993307 0.500000 
0.500000 0.993307 0.000000 1.000000 1.000000 0.993081 0.500000 0.993307 0.500000 
0.500000 0.993307 0.000000 1.000000 1.000000 0.993081 0.500000 0.993307 0.500000 
0.500000 0.993307 0.000000 1.000000 1.000000 0.993081 0.500000 0.993307 0.500000 
0.500000 0.993307 0.000000 1.000000 1.000000 0.993081 0.500000 0.993307 0.500000 
0.500000 0.993307 0.000000 1.000000 1.000000 0.993081 0.500000 0.993307 0.500000 
0.500000 0.993307 0.000000 1.000000 1.000000 0.993081 0.500000 0.993307 0.500000 
0.500000 0.993307 0.000000 1.000000 1.000000 0.993081 0.500000 0.993307 0.500000 
0.500000 0.993307 0.000000 1.000000 1.000000 0.993081 0.500000 0.993307 0.500000 
0.500000 0.993307 0.000000 1.000000 1.000000 0.993081 0.500000 0.993307 0.500000 
0.500000 0.993307 0.000000 1.000000 1.000000 0.993081 0.500000 0.993307 0.500000 
0.500000 0.993307 0.000000 1.000000 1.000000 0.993081 0.500000 0.993307 0.500000 
0.500000 0.993307 0.000000 1.000000 1.000000 0.993081 0.500000 0.993307 0.500000 
0.500000 0.993307 0.000000 1.000000 1.000000 0.993081 0.500000 0.993307 0.500000 
0.500000 0.993307 0.000000 1.000000 1.000000 0.993081 0.500000 0.993307 0.500000 
0.500000 0.993307 0.000000 1.000000 1.000000 0.993081 0.500000 0.993307 0.500000 
0.500000 0.993307 0.000000 1.000000 1.000000 0.993081 0.500000 0.993307 0.500000 
0.500000 0.993307 0.000000 1.000000 1.000000 0.993081 0.500000 0.993307 0.500000 
0.500000 0.993307 0.000000 1.000000 1.000000 0.993081 0.500000 0.993307 0.500000 
0.500000 0.993307 0.000000 1.000000 1.000000 0.993081 0.500000 0.993307 0.500000 
0.500000 0.993307 0.000000 1.000000 1.000000 0.993081 0.500000 0.993307 0.500000 
0.500000 0.924142 0.500000 0.500000 0.500000 0.500000 0.500000 0.500000 0.500000 
0.500000 0.924142 0.669716 0.961093 0.669716 0.990250 0.924142 0.924142 0.500000 
0.500000 0.924142 0.637660 0.999070 0.891117 0.990250 0.966058 0.966058 0.500000 
0.500000 0.924142 0.335490 0.999976 0.977782 0.990250 0.960392 0.988520 0.500000 
0.500000 0.924142 0.085844 0.999998 0.999071 0.990250 0.842567 0.992527 0.500000 
0.500000 0.777300 0.015460 1.000000 0.999989 0.990250 0.605688 0.993276 0.500000 
0.500000 0.777300 0.002042 1.000000 1.000000 0.979895 0.519315 0.993307 0.500000 
0.500000 0.777300 0.000267 1.000000 1.000000 0.979895 0.502553 0.993307 0.500000 
0.500000 0.777300 0.000035 1.000000 1.000000 0.979895 0.500333 0.993307 0.500000 
0.500000 0.777300 0.000005 1.000000 1.000000 0.979895 0.500043 0.993307 0.500000 
0.500000 0.977023 0.000001 1.000000 1.000000 0.979895 0.500006 0.993307 0.500000 
0.500000 0.977023 0.000000 1.000000 1.000000 0.992498 0.500001 0.993307 0.500000 
0.500000 0.977023 0.000000 1.000000 1.000000 0.992498 0.500000 0.993307 0.500000 
0.500000 0.977023 0.000000 1.000000 1.000000 0.992498 0.500000 0.993307 0.500000 
0.500000 0.977023 0.000000 1.000000 1.000000 0.992498 0.500000 0.993307 0.500000 
0.500000 0.993307 0.000000 1.000000 1.000000 0.992498 0.500000 0.993307 0.500000 
0.500000 0.993307 0.000000 1.000000 1.000000 0.993081 0.500000 0.993307 0.500000 
0.500000 0.993307 0.000000 1.000000 1.000000 0.993081 0.500000 0.993307 0.500000 
0.500000 0.993307 0.000000 1.000000 1.000000 0.993081 0.500000 0.993307 0.500000 
0.500000 0.993307 0.000000 1.000000 1.000000 0.993081 0.500000 0.993307 0.500000 
0.500000 0.924142 0.500000 0.500000 0.500000 0.500000 0.500000 0.500000 0.500000 
0.500000 0.924142 0.669716 0.961093 0.669716 0.990250 0.924142 0.924142 0.500000 
0.500000 0.924142 0.637660 0.999070 0.891117 0.990250 0.966058 0.966058 0.500000 
0.500000 0.924142 0.335490 0.999976 0.977782 0.990250 0.960392 0.988520 0.500000 
0.500000 0.924142 0.085844 0.999998 0.999071 0.990250 0.842567 0.992527 0.500000 
0.500000 0.777300 0.015460 1.000000 0.999989 0.990250 0.605688 0.993276 0.500000 
0.500000 0.777300 0.002042 1.000000 1.000000 0.979895 0.519315 0.993307 0.500000 
0.500000 0.777300 0.000267 1.000000 1.000000 0.979895 0.502553 0.993307 0.500000 
0.500000 0.777300 0.000035 1.000000 1.000000 0.979895 0.500333 0.993307 0.500000 
0.500000 0.777300 0.000005 1.000000 1.000000 0.979895 0.500043 0.993307 0.500000 
0.500000 0.977023 0.000001 1.000000 1.000000 0.979895 0.500006 0.993307 0.500000 
0.500000 0.977023 0.000000 1.000000 1.000000 0.992498 0.500001 0.993307 0.500000 
0.500000 0.977023 0.000000 1.000000 1.000000 0.992498 0.500000 0.993307 0.500000 
0.500000 0.977023 0.000000 1.000000 1.000000 0.992498 0.500000 0.993307 0.500000 
0.500000 0.977023 0.000000 1.000000 1.000000 0.992498 0.500000 0.993307 0.500000 
0.500000 0.993307 0.000000 1.000000 1.000000 0.992498 0.500000 0.993307 0.500000 
0.500000 0.993307 0.000000 1.000000 1.000000 0.993081 0.500000 0.993307 0.500000 
0.500000 0.993307 0.000000 1.000000 1.000000 0.993081 0.500000 0.993307 0.500000 
0.500000 0.993307 0.000000 1.000000 1.000000 0.993081 0.500000 0.993307 0.500000 
0.500000 0.993307 0.000000 1.000000 1.000000 0.993081 0.500000 0.993307 0.500000 
