0.500000 0.500000 0.500000 0.500000 0.500000 0.500000 0.500000 0.500000 0.500000 
0.500000 0.500000 0.904651 0.924142 0.531209 0.924142 0.924142 0.924142 0.500000 
0.500000 0.500000 0.921246 0.979177 0.345452 0.924142 0.989263 0.934383 0.500000 
0.500000 0.500000 0.929118 0.980754 0.359978 0.924142 0.990109 0.849062 0.500000 
0.500000 0.500000 0.929388 0.981255 0.352535 0.924142 0.990487 0.858135 0.500000 
0.500000 0.500000 0.929659 0.981281 0.352479 0.924142 0.990500 0.853544 0.500000 
0.500000 0.500000 0.929688 0.981298 0.352201 0.924142 0.990513 0.853509 0.500000 
0.500000 0.500000 0.929700 0.981300 0.352177 0.924142 0.990514 0.853336 0.500000 
0.500000 0.500000 0.929702 0.981301 0.352166 0.924142 0.990515 0.853321 0.500000 
0.500000 0.500000 0.929703 0.981301 0.352164 0.924142 0.990515 0.853313 0.500000 
0.500000 0.500000 0.929703 0.981301 0.352163 0.924142 0.990515 0.853312 0.500000 
0.500000 0.500000 0.929703 0.981301 0.352163 0.924142 0.990515 0.853312 0.500000 
0.500000 0.500000 0.929703 0.981301 0.352163 0.924142 0.990515 0.853312 0.500000 
0.500000 0.500000 0.929703 0.981301 0.352163 0.924142 0.990515 0.853312 0.500000 
0.500000 0.500000 0.929703 0.981301 0.352163 0.924142 0.990515 0.853312 0.500000 
0.500000 0.500000 0.929703 0.981301 0.352163 0.924142 0.990515 0.853312 0.500000 
0.500000 0.500000 0.929703 0.981301 0.352163 0.924142 0.990515 0.853312 0.500000 
0.500000 0.500000 0.929703 0.981301 0.352163 0.924142 0.990515 0.853312 0.500000 
0.500000 0.500000 0.929703 0.981301 0.352163 0.924142 0.990515 0.853312 0.500000 
0.500000 0.500000 0.929703 0.981301 0.352163 0.924142 0.990515 0.853312 0.500000 
0.500000 0.500000 0.929703 0.981301 0.352163 0.924142 0.990515 0.853312 0.500000 
0.500000 0.500000 0.929703 0.981301 0.352163 0.924142 0.990515 0.853312 0.500000 
0.500000 0.500000 0.929703 0.981301 0.352163 0.924142 0.990515 0.853312 0.500000 
0.993307 0.500000 0.929703 0.981301 0.352163 0.924142 0.990515 0.853312 0.500000 
0.500000 0.500000 0.985607 0.981301 0.352163 0.924142 0.990515 0.853312 0.500000 
0.500000 0.500000 0.939719 0.984328 0.294197 0.924142 0.992811 0.853312 0.500000 
0.500000 0.500000 0.932614 0.981946 0.342647 0.924142 0.990974 0.813207 0.500000 
0.500000 0.500000 0.930308 0.981485 0.349319 0.924142 0.990651 0.847255 0.500000 
0.500000 0.500000 0.929856 0.981340 0.351593 0.924142 0.990543 0.851523 0.500000 
0.500000 0.500000 0.929737 0.981311 0.352015 0.924142 0.990522 0.852955 0.500000 
0.500000 0.500000 0.929711 0.981303 0.352131 0.924142 0.990517 0.853219 0.500000 
0.500000 0.500000 0.929705 0.981301 0.352155 0.924142 0.990515 0.853292 0.500000 
0.500000 0.500000 0.929703 0.981301 0.352161 0.924142 0.990515 0.853307 0.500000 
0.500000 0.500000 0.929703 0.981301 0.352163 0.924142 0.990515 0.853311 0.500000 
0.500000 0.500000 0.929703 0.981301 0.352163 0.924142 0.990515 0.853311 0.500000 
0.500000 0.500000 0.929703 0.981301 0.352163 0.924142 0.990515 0.853312 0.500000 
0.500000 0.500000 0.929703 0.981301 0.352163 0.924142 0.990515 0.853312 0.500000 
0.500000 0.500000 0.929703 0.981301 0.352163 0.924142 0.990515 0.853312 0.500000 
0.500000 0.500000 0.929703 0.981301 0.352163 0.924142 0.990515 0.853312 0.500000 
0.500000 0.500000 0.929703 0.981301 0.352163 0.924142 0.990515 0.853312 0.500000 
0.500000 0.500000 0.929703 0.981301 0.352163 0.924142 0.990515 0.853312 0.500000 
0.500000 0.500000 0.929703 0.981301 0.352163 0.924142 0.990515 0.853312 0.500000 
0.500000 0.500000 0.929703 0.981301 0.352163 0.924142 0.990515 0.853312 0.500000 
0.500000 0.500000 0.929703 0.981301 0.352163 0.924142 0.990515 0.853312 0.500000 
0.500000 0.500000 0.929703 0.981301 0.352163 0.924142 0.990515 0.853312 0.500000 
0.500000 0.500000 0.929703 0.981301 0.352163 0.924142 0.990515 0.853312 0.500000 
0.500000 0.500000 0.929703 0.981301 0.352163 0.924142 0.990515 0.853312 0.500000 
0.500000 0.500000 0.929703 0.981301 0.352163 0.924142 0.990515 0.853312 0.500000 
0.500000 0.500000 0.929703 0.981301 0.352163 0.924142 0.990515 0.853312 0.500000 
0.500000 0.500000 0.929703 0.981301 0.352163 0.924142 0.990515 0.853312 0.500000 
0.993307 0.500000 0.929703 0.981301 0.352163 0.924142 0.990515 0.853312 0.500000 
0.500000 0.500000 0.985607 0.981301 0.352163 0.924142 0.990515 0.853312 0.500000 
0.500000 0.500000 0.939719 0.984328 0.294197 0.924142 0.992811 0.853312 0.500000 
0.500000 0.500000 0.932614 0.981946 0.342647 0.924142 0.990974 0.813207 0.500000 
0.500000 0.500000 0.930308 0.981485 0.349319 0.924142 0.990651 0.847255 0.500000 
0.500000 0.500000 0.929856 0.981340 0.351593 0.924142 0.990543 0.851523 0.500000 
0.500000 0.500000 0.929737 0.981311 0.352015 0.924142 0.990522 0.852955 0.500000 
0.500000 0.500000 0.929711 0.981303 0.352131 0.924142 0.990517 0.853219 0.500000 
0.500000 0.500000 0.929705 0.981301 0.352155 0.924142 0.990515 0.853292 0.500000 
0.500000 0.500000 0.929703 0.981301 0.352161 0.924142 0.990515 0.853307 0.500000 
0.500000 0.500000 0.929703 0.981301 0.352163 0.924142 0.990515 0.853311 0.500000 
0.500000 0.500000 0.929703 0.981301 0.352163 0.924142 0.990515 0.853311 0.500000 
0.500000 0.500000 0.929703 0.981301 0.352163 0.924142 0.990515 0.853312 0.500000 
0.500000 0.500000 0.929703 0.981301 0.352163 0.924142 0.990515 0.853312 0.500000 
0.500000 0.500000 0.929703 0.981301 0.352163 0.924142 0.990515 0.853312 0.500000 
0.500000 0.500000 0.929703 0.981301 0.352163 0.924142 0.990515 0.853312 0.500000 
0.500000 0.500000 0.929703 0.981301 0.352163 0.924142 0.990515 0.853312 0.500000 
0.500000 0.500000 0.929703 0.981301 0.352163 0.924142 0.990515 0.853312 0.500000 
0.500000 0.500000 0.929703 0.981301 0.352163 0.924142 0.990515 0.853312 0.500000 
0.500000 0.500000 0.929703 0.981301 0.352163 0.924142 0.990515 0.853312 0.500000 
0.500000 0.500000 0.929703 0.981301 0.352163 0.924142 0.990515 0.853312 0.500000 
0.500000 0.500000 0.929703 0.981301 0.352163 0.924142 0.990515 0.853312 0.500000 
0.500000 0.500000 0.929703 0.981301 0.352163 0.924142 0.990515 0.853312 0.500000 
0.500000 0.500000 0.929703 0.981301 0.352163 0.924142 0.990515 0.853312 0.500000 
0.500000 0.500000 0.929703 0.981301 0.352163 0.924142 0.990515 0.853312 0.500000 
0.500000 0.500000 0.929703 0.981301 0.352163 0.924142 0.990515 0.853312 0.500000 
0.500000 0.500000 0.929703 0.981301 0.352163 0.924142 0.990515 0.853312 0.500000 
0.993307 0.500000 0.929703 0.981301 0.352163 0.924142 0.990515 0.853312 0.500000 
0.500000 0.500000 0.985607 0.981301 0.352163 0.924142 0.990515 0.853312 0.500000 
0.500000 0.500000 0.939719 0.984328 0.294197 0.924142 0.992811 0.853312 0.500000 
0.500000 0.500000 0.932614 0.981946 0.342647 0.924142 0.990974 0.813207 0.500000 
0.500000 0.500000 0.930308 0.981485 0.349319 0.924142 0.990651 0.847255 0.500000 
0.500000 0.500000 0.929856 0.981340 0.351593 0.924142 0.990543 0.851523 0.500000 
0.500000 0.500000 0.929737 0.981311 0.352015 0.924142 0.990522 0.852955 0.500000 
0.500000 0.500000 0.929711 0.981303 0.352131 0.924142 0.990517 0.853219 0.500000 
0.500000 0.500000 0.929705 0.981301 0.352155 0.924142 0.990515 0.853292 0.500000 
0.500000 0.500000 0.929703 0.981301 0.352161 0.924142 0.990515 0.853307 0.500000 
0.500000 0.500000 0.929703 0.981301 0.352163 0.924142 0.990515 0.853311 0.500000 
0.500000 0.500000 0.929703 0.981301 0.352163 0.924142 0.990515 0.853311 0.500000 
0.500000 0.500000 0.929703 0.981301 0.352163 0.924142 0.990515 0.853312 0.500000 
0.500000 0.500000 0.929703 0.981301 0.352163 0.924142 0.990515 0.853312 0.500000 
0.500000 0.500000 0.929703 0.981301 0.352163 0.924142 0.990515 0.853312 0.500000 
0.500000 0.500000 0.929703 0.981301 0.352163 0.924142 0.990515 0.853312 0.500000 
0.500000 0.500000 0.929703 0.981301 0.352163 0.924142 0.990515 0.853312 0.500000 
0.500000 0.500000 0.929703 0.981301 0.352163 0.924142 0.990515 0.853312 0.500000 
0.500000 0.500000 0.929703 0.981301 0.352163 0.924142 0.990515 0.853312 0.500000 
0.500000 0.500000 0.929703 0.981301 0.352163 0.924142 0.990515 0.853312 0.500000 
0.500000 0.500000 0.929703 0.981301 0.352163 0.924142 0.990515 0.853312 0.500000 
0.500000 0.500000 0.929703 0.981301 0.352163 0.924142 0.990515 0.853312 0.500000 
0.500000 0.500000 0.929703 0.981301 0.352163 0.924142 0.990515 0.853312 0.500000 
0.500000 0.500000 0.929703 0.981301 0.352163 0.924142 0.990515 0.853312 0.500000 
0.500000 0.500000 0.929703 0.981301 0.352163 0.924142 0.990515 0.853312 0.500000 
0.500000 0.500000 0.929703 0.981301 0.352163 0.924142 0.990515 0.853312 0.500000 
0.500000 0.500000 0.929703 0.981301 0.352163 0.924142 0.990515 0.853312 0.500000 
