0.500000 0.500000 0.500000 0.500000 0.500000 0.500000 0.500000 0.500000 0.500000 
0.500000 0.500000 0.562177 0.924142 0.531209 0.924142 0.924142 0.924142 0.500000 
0.500000 0.500000 0.527368 0.937244 0.776376 0.924142 0.943261 0.934383 0.500000 
0.500000 0.500000 0.270186 0.930193 0.812278 0.924142 0.933195 0.979804 0.500000 
0.500000 0.500000 0.239514 0.851595 0.934941 0.924142 0.794281 0.983067 0.500000 
0.500000 0.500000 0.153508 0.838442 0.928303 0.924142 0.768092 0.990758 0.500000 
0.500000 0.500000 0.157422 0.796561 0.949047 0.924142 0.682988 0.990449 0.500000 
0.500000 0.500000 0.145433 0.798632 0.941033 0.924142 0.687211 0.991382 0.500000 
0.500000 0.500000 0.149972 0.792241 0.944396 0.924142 0.674183 0.991033 0.500000 
0.500000 0.500000 0.148053 0.794678 0.942137 0.924142 0.679148 0.991181 0.500000 
0.500000 0.500000 0.149340 0.793650 0.943046 0.924142 0.677053 0.991082 0.500000 
0.500000 0.500000 0.148820 0.794340 0.942541 0.924142 0.678459 0.991122 0.500000 
0.500000 0.500000 0.149109 0.794062 0.942793 0.924142 0.677892 0.991099 0.500000 
0.500000 0.500000 0.148965 0.794216 0.942672 0.924142 0.678207 0.991111 0.500000 
0.500000 0.500000 0.149034 0.794139 0.942736 0.924142 0.678050 0.991105 0.500000 
0.500000 0.500000 0.148998 0.794176 0.942705 0.924142 0.678125 0.991108 0.500000 
0.500000 0.500000 0.149015 0.794157 0.942720 0.924142 0.678086 0.991107 0.500000 
0.500000 0.500000 0.149006 0.794166 0.942712 0.924142 0.678105 0.991107 0.500000 
0.500000 0.500000 0.149011 0.794161 0.942716 0.924142 0.678095 0.991107 0.500000 
0.500000 0.500000 0.149009 0.794164 0.942714 0.924142 0.678100 0.991107 0.500000 
0.500000 0.500000 0.149010 0.794163 0.942715 0.924142 0.678098 0.991107 0.500000 
0.500000 0.500000 0.149009 0.794163 0.942715 0.924142 0.678099 0.991107 0.500000 
0.500000 0.500000 0.149010 0.794163 0.942715 0.924142 0.678098 0.991107 0.500000 
0.500000 0.500000 0.149009 0.794163 0.942715 0.924142 0.678099 0.991107 0.500000 
0.500000 0.500000 0.149009 0.794163 0.942715 0.924142 0.678099 0.991107 0.500000 
0.500000 0.500000 0.149009 0.794163 0.942715 0.924142 0.678099 0.991107 0.500000 
0.500000 0.500000 0.149009 0.794163 0.942715 0.924142 0.678099 0.991107 0.500000 
0.500000 0.500000 0.149009 0.794163 0.942715 0.924142 0.678099 0.991107 0.500000 
0.500000 0.500000 0.149009 0.794163 0.942715 0.924142 0.678099 0.991107 0.500000 
0.500000 0.500000 0.149009 0.794163 0.942715 0.924142 0.678099 0.991107 0.500000 
0.500000 0.500000 0.149009 0.794163 0.942715 0.924142 0.678099 0.991107 0.500000 
0.500000 0.500000 0.149009 0.794163 0.942715 0.924142 0.678099 0.991107 0.500000 
0.500000 0.500000 0.149009 0.794163 0.942715 0.924142 0.678099 0.991107 0.500000 
0.500000 0.500000 0.149009 0.794163 0.942715 0.924142 0.678099 0.991107 0.500000 
0.500000 0.500000 0.149009 0.794163 0.942715 0.924142 0.678099 0.991107 0.500000 
0.500000 0.500000 0.149009 0.794163 0.942715 0.924142 0.678099 0.991107 0.500000 
0.500000 0.500000 0.149009 0.794163 0.942715 0.924142 0.678099 0.991107 0.500000 
0.500000 0.500000 0.149009 0.794163 0.942715 0.924142 0.678099 0.991107 0.500000 
0.500000 0.500000 0.149009 0.794163 0.942715 0.924142 0.678099 0.991107 0.500000 
0.500000 0.500000 0.149009 0.794163 0.942715 0.924142 0.678099 0.991107 0.500000 
0.500000 0.500000 0.149009 0.794163 0.942715 0.924142 0.678099 0.991107 0.500000 
0.500000 0.500000 0.149009 0.794163 0.942715 0.924142 0.678099 0.991107 0.500000 
0.500000 0.500000 0.149009 0.794163 0.942715 0.924142 0.678099 0.991107 0.500000 
0.500000 0.500000 0.149009 0.794163 0.942715 0.924142 0.678099 0.991107 0.500000 
0.500000 0.500000 0.149009 0.794163 0.942715 0.924142 0.678099 0.991107 0.500000 
0.500000 0.500000 0.149009 0.794163 0.942715 0.924142 0.678099 0.991107 0.500000 
0.500000 0.500000 0.149009 0.794163 0.942715 0.924142 0.678099 0.991107 0.500000 
0.500000 0.500000 0.149009 0.794163 0.942715 0.924142 0.678099 0.991107 0.500000 
0.500000 0.500000 0.149009 0.794163 0.942715 0.924142 0.678099 0.991107 0.500000 
0.500000 0.500000 0.149009 0.794163 0.942715 0.924142 0.678099 0.991107 0.500000 
