0.993307 0.500000 0.500000 0.500000 0.500000 0.500000 0.500000 0.500000 0.500000 
0.500000 0.500000 0.895140 0.924142 0.679179 0.924142 0.924142 0.924142 0.500000 
0.500000 0.500000 0.451337 0.996011 0.623015 0.924142 0.988746 0.967576 0.500000 
0.500000 0.500000 0.501497 0.997990 0.901196 0.924142 0.905225 0.957510 0.500000 
0.500000 0.500000 0.248856 0.998942 0.901215 0.924142 0.924665 0.989078 0.500000 
0.500000 0.500000 0.246772 0.998481 0.956787 0.924142 0.776308 0.989079 0.500000 
0.500000 0.500000 0.207789 0.998030 0.960541 0.924142 0.774493 0.991706 0.500000 
0.500000 0.500000 0.204965 0.997322 0.965678 0.924142 0.738646 0.991859 0.500000 
0.500000 0.500000 0.201609 0.996651 0.966419 0.924142 0.735911 0.992064 0.500000 
0.500000 0.500000 0.201099 0.996041 0.966817 0.924142 0.732638 0.992093 0.500000 
0.500000 0.500000 0.200839 0.995543 0.966864 0.924142 0.732138 0.992109 0.500000 
0.500000 0.500000 0.200805 0.995153 0.966859 0.924142 0.731882 0.992111 0.500000 
0.500000 0.500000 0.200809 0.994860 0.966830 0.924142 0.731850 0.992110 0.500000 
0.500000 0.500000 0.200827 0.994644 0.966804 0.924142 0.731853 0.992109 0.500000 
0.500000 0.500000 0.200844 0.994488 0.966782 0.924142 0.731871 0.992108 0.500000 
0.500000 0.500000 0.200859 0.994376 0.966765 0.924142 0.731888 0.992107 0.500000 
0.500000 0.500000 0.200869 0.994297 0.966753 0.924142 0.731902 0.992107 0.500000 
0.500000 0.500000 0.200877 0.994241 0.966744 0.924142 0.731912 0.992106 0.500000 
0.500000 0.500000 0.200883 0.994202 0.966738 0.924142 0.731920 0.992106 0.500000 
0.500000 0.500000 0.200887 0.994174 0.966733 0.924142 0.731926 0.992106 0.500000 
0.500000 0.500000 0.200890 0.994155 0.966730 0.924142 0.731930 0.992106 0.500000 
0.500000 0.500000 0.200892 0.994142 0.966728 0.924142 0.731933 0.992105 0.500000 
0.500000 0.500000 0.200894 0.994132 0.966726 0.924142 0.731935 0.992105 0.500000 
0.993307 0.500000 0.200895 0.994126 0.966725 0.924142 0.731936 0.992105 0.500000 
0.500000 0.500000 0.565533 0.994121 0.966725 0.924142 0.731937 0.992105 0.500000 
0.500000 0.500000 0.203549 0.998171 0.890206 0.924142 0.944153 0.992105 0.500000 
0.500000 0.500000 0.254555 0.997423 0.962395 0.924142 0.734533 0.988468 0.500000 
0.500000 0.500000 0.204187 0.997219 0.959954 0.924142 0.781217 0.991934 0.500000 
0.500000 0.500000 0.205312 0.996552 0.965976 0.924142 0.735155 0.991836 0.500000 
0.500000 0.500000 0.201421 0.996008 0.966346 0.924142 0.736249 0.992076 0.500000 
0.500000 0.500000 0.201144 0.995521 0.966779 0.924142 0.732453 0.992090 0.500000 
0.500000 0.500000 0.200863 0.995141 0.966814 0.924142 0.732182 0.992107 0.500000 
0.500000 0.500000 0.200838 0.994852 0.966819 0.924142 0.731906 0.992109 0.500000 
0.500000 0.500000 0.200835 0.994639 0.966799 0.924142 0.731882 0.992109 0.500000 
0.500000 0.500000 0.200848 0.994484 0.966780 0.924142 0.731878 0.992108 0.500000 
0.500000 0.500000 0.200860 0.994374 0.966764 0.924142 0.731891 0.992107 0.500000 
0.500000 0.500000 0.200870 0.994295 0.966752 0.924142 0.731903 0.992107 0.500000 
0.500000 0.500000 0.200878 0.994240 0.966744 0.924142 0.731913 0.992106 0.500000 
0.500000 0.500000 0.200883 0.994201 0.966738 0.924142 0.731920 0.992106 0.500000 
0.500000 0.500000 0.200887 0.994174 0.966733 0.924142 0.731926 0.992106 0.500000 
0.500000 0.500000 0.200890 0.994155 0.966730 0.924142 0.731930 0.992106 0.500000 
0.500000 0.500000 0.200892 0.994141 0.966728 0.924142 0.731933 0.992105 0.500000 
0.500000 0.500000 0.200894 0.994132 0.966726 0.924142 0.731935 0.992105 0.500000 
0.500000 0.500000 0.200895 0.994125 0.966725 0.924142 0.731936 0.992105 0.500000 
0.500000 0.500000 0.200895 0.994121 0.966725 0.924142 0.731937 0.992105 0.500000 
0.500000 0.500000 0.200896 0.994118 0.966724 0.924142 0.731938 0.992105 0.500000 
0.500000 0.500000 0.200896 0.994115 0.966724 0.924142 0.731938 0.992105 0.500000 
0.500000 0.500000 0.200896 0.994114 0.966723 0.924142 0.731939 0.992105 0.500000 
0.500000 0.500000 0.200896 0.994113 0.966723 0.924142 0.731939 0.992105 0.500000 
0.500000 0.500000 0.200897 0.994112 0.966723 0.924142 0.731939 0.992105 0.500000 
0.993307 0.500000 0.200897 0.994112 0.966723 0.924142 0.731939 0.992105 0.500000 
0.500000 0.500000 0.565535 0.994111 0.966723 0.924142 0.731939 0.992105 0.500000 
0.500000 0.500000 0.203550 0.998169 0.890202 0.924142 0.944153 0.992105 0.500000 
0.500000 0.500000 0.254557 0.997421 0.962395 0.924142 0.734534 0.988468 0.500000 
0.500000 0.500000 0.204188 0.997217 0.959953 0.924142 0.781219 0.991934 0.500000 
0.500000 0.500000 0.205313 0.996551 0.965976 0.924142 0.735155 0.991836 0.500000 
0.500000 0.500000 0.201421 0.996007 0.966346 0.924142 0.736249 0.992076 0.500000 
0.500000 0.500000 0.201144 0.995520 0.966779 0.924142 0.732453 0.992090 0.500000 
0.500000 0.500000 0.200863 0.995141 0.966814 0.924142 0.732182 0.992107 0.500000 
0.500000 0.500000 0.200838 0.994851 0.966818 0.924142 0.731906 0.992109 0.500000 
0.500000 0.500000 0.200835 0.994638 0.966799 0.924142 0.731882 0.992109 0.500000 
0.500000 0.500000 0.200848 0.994484 0.966780 0.924142 0.731879 0.992108 0.500000 
0.500000 0.500000 0.200860 0.994374 0.966764 0.924142 0.731891 0.992107 0.500000 
0.500000 0.500000 0.200870 0.994295 0.966752 0.924142 0.731903 0.992107 0.500000 
0.500000 0.500000 0.200878 0.994240 0.966744 0.924142 0.731913 0.992106 0.500000 
0.500000 0.500000 0.200883 0.994201 0.966738 0.924142 0.731921 0.992106 0.500000 
0.500000 0.500000 0.200887 0.994174 0.966733 0.924142 0.731926 0.992106 0.500000 
0.500000 0.500000 0.200890 0.994155 0.966730 0.924142 0.731930 0.992106 0.500000 
0.500000 0.500000 0.200892 0.994141 0.966728 0.924142 0.731933 0.992105 0.500000 
0.500000 0.500000 0.200894 0.994132 0.966726 0.924142 0.731935 0.992105 0.500000 
0.500000 0.500000 0.200895 0.994125 0.966725 0.924142 0.731936 0.992105 0.500000 
0.500000 0.500000 0.200895 0.994121 0.966725 0.924142 0.731937 0.992105 0.500000 
0.500000 0.500000 0.200896 0.994118 0.966724 0.924142 0.731938 0.992105 0.500000 
0.500000 0.500000 0.200896 0.994115 0.966724 0.924142 0.731938 0.992105 0.500000 
0.500000 0.500000 0.200896 0.994114 0.966723 0.924142 0.731939 0.992105 0.500000 
0.500000 0.500000 0.200896 0.994113 0.966723 0.924142 0.731939 0.992105 0.500000 
0.500000 0.500000 0.200897 0.994112 0.966723 0.924142 0.731939 0.992105 0.500000 
0.993307 0.500000 0.200897 0.994112 0.966723 0.924142 0.731939 0.992105 0.500000 
0.500000 0.500000 0.565535 0.994111 0.966723 0.924142 0.731939 0.992105 0.500000 
0.500000 0.500000 0.203550 0.998169 0.890202 0.924142 0.944153 0.992105 0.500000 
0.500000 0.500000 0.254557 0.997421 0.962395 0.924142 0.734534 0.988468 0.500000 
0.500000 0.500000 0.204188 0.997217 0.959953 0.924142 0.781219 0.991934 0.500000 
0.500000 0.500000 0.205313 0.996551 0.965976 0.924142 0.735155 0.991836 0.500000 
0.500000 0.500000 0.201421 0.996007 0.966346 0.924142 0.736249 0.992076 0.500000 
0.500000 0.500000 0.201144 0.995520 0.966779 0.924142 0.732453 0.992090 0.500000 
0.500000 0.500000 0.200863 0.995141 0.966814 0.924142 0.732182 0.992107 0.500000 
0.500000 0.500000 0.200838 0.994851 0.966818 0.924142 0.731906 0.992109 0.500000 
0.500000 0.500000 0.200835 0.994638 0.966799 0.924142 0.731882 0.992109 0.500000 
0.500000 0.500000 0.200848 0.994484 0.966780 0.924142 0.731879 0.992108 0.500000 
0.500000 0.500000 0.200860 0.994374 0.966764 0.924142 0.731891 0.992107 0.500000 
0.500000 0.500000 0.200870 0.994295 0.966752 0.924142 0.731903 0.992107 0.500000 
0.500000 0.500000 0.200878 0.994240 0.966744 0.924142 0.731913 0.992106 0.500000 
0.500000 0.500000 0.200883 0.994201 0.966738 0.924142 0.731921 0.992106 0.500000 
0.500000 0.500000 0.200887 0.994174 0.966733 0.924142 0.731926 0.992106 0.500000 
0.500000 0.500000 0.200890 0.994155 0.966730 0.924142 0.731930 0.992106 0.500000 
0.500000 0.500000 0.200892 0.994141 0.966728 0.924142 0.731933 0.992105 0.500000 
0.500000 0.500000 0.200894 0.994132 0.966726 0.924142 0.731935 0.992105 0.500000 
0.500000 0.500000 0.200895 0.994125 0.966725 0.924142 0.731936 0.992105 0.500000 
0.500000 0.500000 0.200895 0.994121 0.966725 0.924142 0.731937 0.992105 0.500000 
0.500000 0.500000 0.200896 0.994118 0.966724 0.924142 0.731938 0.992105 0.500000 
0.500000 0.500000 0.200896 0.994115 0.966724 0.924142 0.731938 0.992105 0.500000 
0.500000 0.500000 0.200896 0.994114 0.966723 0.924142 0.731939 0.992105 0.500000 
0.500000 0.500000 0.200896 0.994113 0.966723 0.924142 0.731939 0.992105 0.500000 
0.500000 0.500000 0.200897 0.994112 0.966723 0.924142 0.731939 0.992105 0.500000 
