0.500000 0.500000 0.500000 0.500000 0.500000 0.500000 0.500000 0.500000 0.500000 
0.500000 0.500000 0.562177 0.924142 0.531209 0.924142 0.924142 0.924142 0.500000 
0.500000 0.500000 0.527368 0.937244 0.776159 0.924142 0.943261 0.934383 0.500000 
0.500000 0.500000 0.270378 0.930193 0.810374 0.924142 0.933195 0.979783 0.500000 
0.500000 0.500000 0.241077 0.851674 0.933989 0.924142 0.794439 0.982907 0.500000 
0.500000 0.500000 0.154065 0.839135 0.926021 0.924142 0.769482 0.990714 0.500000 
0.500000 0.500000 0.158789 0.796857 0.947779 0.924142 0.683591 0.990340 0.500000 
0.500000 0.500000 0.146144 0.799351 0.939076 0.924142 0.688678 0.991328 0.500000 
0.500000 0.500000 0.151097 0.792624 0.942873 0.924142 0.674963 0.990945 0.500000 
0.500000 0.500000 0.148920 0.795279 0.940347 0.924142 0.680373 0.991114 0.500000 
0.500000 0.500000 0.150366 0.794115 0.941414 0.924142 0.678001 0.991002 0.500000 
0.500000 0.500000 0.149753 0.794889 0.940818 0.924142 0.679577 0.991050 0.500000 
0.500000 0.500000 0.150095 0.794561 0.941123 0.924142 0.678910 0.991023 0.500000 
0.500000 0.500000 0.149920 0.794744 0.940973 0.924142 0.679282 0.991037 0.500000 
0.500000 0.500000 0.150006 0.794650 0.941053 0.924142 0.679092 0.991030 0.500000 
0.500000 0.500000 0.149961 0.794696 0.941013 0.924142 0.679186 0.991034 0.500000 
0.500000 0.500000 0.149984 0.794672 0.941033 0.924142 0.679136 0.991032 0.500000 
0.500000 0.500000 0.149972 0.794684 0.941023 0.924142 0.679161 0.991033 0.500000 
0.500000 0.500000 0.149978 0.794678 0.941028 0.924142 0.679148 0.991032 0.500000 
0.500000 0.500000 0.149975 0.794681 0.941025 0.924142 0.679155 0.991032 0.500000 
0.500000 0.500000 0.149976 0.794680 0.941027 0.924142 0.679151 0.991032 0.500000 
0.500000 0.500000 0.149975 0.794680 0.941026 0.924142 0.679153 0.991032 0.500000 
0.500000 0.500000 0.149976 0.794680 0.941026 0.924142 0.679152 0.991032 0.500000 
0.993307 0.500000 0.149976 0.794680 0.941026 0.924142 0.679152 0.991032 0.500000 
0.500000 0.500000 0.477407 0.794680 0.941026 0.924142 0.679152 0.991032 0.500000 
0.500000 0.500000 0.149997 0.918788 0.771108 0.924142 0.915833 0.991032 0.500000 
0.500000 0.500000 0.274849 0.794691 0.960206 0.924142 0.679175 0.979276 0.500000 
0.500000 0.500000 0.139311 0.853515 0.898144 0.924142 0.798065 0.991846 0.500000 
0.500000 0.500000 0.176269 0.788921 0.953320 0.924142 0.667423 0.988912 0.500000 
0.500000 0.500000 0.143061 0.808378 0.932503 0.924142 0.707101 0.991563 0.500000 
0.500000 0.500000 0.154930 0.790960 0.945235 0.924142 0.671572 0.990646 0.500000 
0.500000 0.500000 0.147578 0.797316 0.939000 0.924142 0.684526 0.991218 0.500000 
0.500000 0.500000 0.151142 0.793395 0.942136 0.924142 0.676534 0.990942 0.500000 
0.500000 0.500000 0.149340 0.795303 0.940479 0.924142 0.680421 0.991082 0.500000 
0.500000 0.500000 0.150290 0.794340 0.941308 0.924142 0.678460 0.991008 0.500000 
0.500000 0.500000 0.149814 0.794848 0.940880 0.924142 0.679495 0.991045 0.500000 
0.500000 0.500000 0.150059 0.794594 0.941100 0.924142 0.678976 0.991026 0.500000 
0.500000 0.500000 0.149934 0.794725 0.940988 0.924142 0.679243 0.991036 0.500000 
0.500000 0.500000 0.149998 0.794658 0.941046 0.924142 0.679106 0.991031 0.500000 
0.500000 0.500000 0.149965 0.794692 0.941016 0.924142 0.679176 0.991033 0.500000 
0.500000 0.500000 0.149981 0.794674 0.941031 0.924142 0.679140 0.991032 0.500000 
0.500000 0.500000 0.149973 0.794683 0.941024 0.924142 0.679158 0.991033 0.500000 
0.500000 0.500000 0.149977 0.794679 0.941027 0.924142 0.679149 0.991032 0.500000 
0.500000 0.500000 0.149975 0.794681 0.941025 0.924142 0.679154 0.991032 0.500000 
0.500000 0.500000 0.149976 0.794680 0.941027 0.924142 0.679151 0.991032 0.500000 
0.500000 0.500000 0.149976 0.794680 0.941026 0.924142 0.679153 0.991032 0.500000 
0.500000 0.500000 0.149976 0.794680 0.941026 0.924142 0.679152 0.991032 0.500000 
0.500000 0.500000 0.149976 0.794680 0.941026 0.924142 0.679152 0.991032 0.500000 
0.500000 0.500000 0.149976 0.794680 0.941026 0.924142 0.679152 0.991032 0.500000 
0.500000 0.500000 0.149976 0.794680 0.941026 0.924142 0.679152 0.991032 0.500000 
0.993307 0.500000 0.149976 0.794680 0.941026 0.924142 0.679152 0.991032 0.500000 
0.500000 0.500000 0.477407 0.794680 0.941026 0.924142 0.679152 0.991032 0.500000 
0.500000 0.500000 0.149997 0.918788 0.771108 0.924142 0.915833 0.991032 0.500000 
0.500000 0.500000 0.274849 0.794691 0.960206 0.924142 0.679175 0.979276 0.500000 
0.500000 0.500000 0.139311 0.853515 0.898144 0.924142 0.798065 0.991846 0.500000 
0.500000 0.500000 0.176269 0.788921 0.953320 0.924142 0.667423 0.988912 0.500000 
0.500000 0.500000 0.143061 0.808378 0.932503 0.924142 0.707101 0.991563 0.500000 
0.500000 0.500000 0.154930 0.790960 0.945235 0.924142 0.671572 0.990646 0.500000 
0.500000 0.500000 0.147578 0.797316 0.939000 0.924142 0.684526 0.991218 0.500000 
0.500000 0.500000 0.151142 0.793395 0.942136 0.924142 0.676534 0.990942 0.500000 
0.500000 0.500000 0.149340 0.795303 0.940479 0.924142 0.680421 0.991082 0.500000 
0.500000 0.500000 0.150290 0.794340 0.941308 0.924142 0.678460 0.991008 0.500000 
0.500000 0.500000 0.149814 0.794848 0.940880 0.924142 0.679495 0.991045 0.500000 
0.500000 0.500000 0.150059 0.794594 0.941100 0.924142 0.678976 0.991026 0.500000 
0.500000 0.500000 0.149934 0.794725 0.940988 0.924142 0.679243 0.991036 0.500000 
0.500000 0.500000 0.149998 0.794658 0.941046 0.924142 0.679106 0.991031 0.500000 
0.500000 0.500000 0.149965 0.794692 0.941016 0.924142 0.679176 0.991033 0.500000 
0.500000 0.500000 0.149981 0.794674 0.941031 0.924142 0.679140 0.991032 0.500000 
0.500000 0.500000 0.149973 0.794683 0.941024 0.924142 0.679158 0.991033 0.500000 
0.500000 0.500000 0.149977 0.794679 0.941027 0.924142 0.679149 0.991032 0.500000 
0.500000 0.500000 0.149975 0.794681 0.941025 0.924142 0.679154 0.991032 0.500000 
0.500000 0.500000 0.149976 0.794680 0.941027 0.924142 0.679151 0.991032 0.500000 
0.500000 0.500000 0.149976 0.794680 0.941026 0.924142 0.679153 0.991032 0.500000 
0.500000 0.500000 0.149976 0.794680 0.941026 0.924142 0.679152 0.991032 0.500000 
0.500000 0.500000 0.149976 0.794680 0.941026 0.924142 0.679152 0.991032 0.500000 
0.500000 0.500000 0.149976 0.794680 0.941026 0.924142 0.679152 0.991032 0.500000 
0.500000 0.500000 0.149976 0.794680 0.941026 0.924142 0.679152 0.991032 0.500000 
0.993307 0.500000 0.149976 0.794680 0.941026 0.924142 0.679152 0.991032 0.500000 
0.500000 0.500000 0.477407 0.794680 0.941026 0.924142 0.679152 0.991032 0.500000 
0.500000 0.500000 0.149997 0.918788 0.771108 0.924142 0.915833 0.991032 0.500000 
0.500000 0.500000 0.274849 0.794691 0.960206 0.924142 0.679175 0.979276 0.500000 
0.500000 0.500000 0.139311 0.853515 0.898144 0.924142 0.798065 0.991846 0.500000 
0.500000 0.500000 0.176269 0.788921 0.953320 0.924142 0.667423 0.988912 0.500000 
0.500000 0.500000 0.143061 0.808378 0.932503 0.924142 0.707101 0.991563 0.500000 
0.500000 0.500000 0.154930 0.790960 0.945235 0.924142 0.671572 0.990646 0.500000 
0.500000 0.500000 0.147578 0.797316 0.939000 0.924142 0.684526 0.991218 0.500000 
0.500000 0.500000 0.151142 0.793395 0.942136 0.924142 0.676534 0.990942 0.500000 
0.500000 0.500000 0.149340 0.795303 0.940479 0.924142 0.680421 0.991082 0.500000 
0.500000 0.500000 0.150290 0.794340 0.941308 0.924142 0.678460 0.991008 0.500000 
0.500000 0.500000 0.149814 0.794848 0.940880 0.924142 0.679495 0.991045 0.500000 
0.500000 0.500000 0.150059 0.794594 0.941100 0.924142 0.678976 0.991026 0.500000 
0.500000 0.500000 0.149934 0.794725 0.940988 0.924142 0.679243 0.991036 0.500000 
0.500000 0.500000 0.149998 0.794658 0.941046 0.924142 0.679106 0.991031 0.500000 
0.500000 0.500000 0.149965 0.794692 0.941016 0.924142 0.679176 0.991033 0.500000 
0.500000 0.500000 0.149981 0.794674 0.941031 0.924142 0.679140 0.991032 0.500000 
0.500000 0.500000 0.149973 0.794683 0.941024 0.924142 0.679158 0.991033 0.500000 
0.500000 0.500000 0.149977 0.794679 0.941027 0.924142 0.679149 0.991032 0.500000 
0.500000 0.500000 0.149975 0.794681 0.941025 0.924142 0.679154 0.991032 0.500000 
0.500000 0.500000 0.149976 0.794680 0.941027 0.924142 0.679151 0.991032 0.500000 
0.500000 0.500000 0.149976 0.794680 0.941026 0.924142 0.679153 0.991032 0.500000 
0.500000 0.500000 0.149976 0.794680 0.941026 0.924142 0.679152 0.991032 0.500000 
0.500000 0.500000 0.149976 0.794680 0.941026 0.924142 0.679152 0.991032 0.500000 
0.500000 0.500000 0.149976 0.794680 0.941026 0.924142 0.679152 0.991032 0.500000 
0.500000 0.500000 0.149976 0.794680 0.941026 0.924142 0.679152 0.991032 0.500000 
