0.500000 0.993307 0.500000 0.500000 0.500000 0.500000 0.500000 0.500000 0.500000 
0.500000 0.993307 0.694699 0.965182 0.694699 0.993081 0.924142 0.924142 0.500000 
0.500000 0.993307 0.661697 0.996432 0.902161 0.993081 0.969924 0.969924 0.500000 
0.500000 0.993307 0.373376 0.998742 0.979963 0.993081 0.964719 0.989130 0.500000 
0.500000 0.993307 0.109545 0.998052 0.999096 0.993081 0.866097 0.992607 0.500000 
0.500000 0.993307 0.022561 0.994177 0.999989 0.993081 0.633607 0.993277 0.500000 
0.500000 0.993307 0.004293 0.986623 1.000000 0.993081 0.528172 0.993307 0.500000 
0.500000 0.993307 0.000805 0.978547 1.000000 0.993081 0.505366 0.993307 0.500000 
0.500000 0.993307 0.000150 0.972570 1.000000 0.993081 0.501006 0.993307 0.500000 
0.500000 0.993307 0.000028 0.968936 1.000000 0.993081 0.500188 0.993307 0.500000 
0.500000 0.993307 0.000005 0.966936 1.000000 0.993081 0.500035 0.993307 0.500000 
0.500000 0.993307 0.000001 0.965887 1.000000 0.993081 0.500007 0.993307 0.500000 
0.500000 0.993307 0.000000 0.965350 1.000000 0.993081 0.500001 0.993307 0.500000 
0.993307 0.500000 0.000000 0.965079 1.000000 0.993081 0.500000 0.993307 0.500000 
0.993307 0.500000 0.000000 0.923642 1.000000 0.924142 0.500000 0.993307 0.500000 
0.993307 0.500000 0.000000 0.888922 1.000000 0.924142 0.500000 0.993307 0.500000 
0.993307 0.500000 0.000000 0.866831 1.000000 0.924142 0.500000 0.993307 0.500000 
0.993307 0.500000 0.000000 0.854451 1.000000 0.924142 0.500000 0.993307 0.500000 
0.993307 0.500000 0.000000 0.847910 1.000000 0.924142 0.500000 0.993307 0.500000 
0.993307 0.500000 0.000000 0.844551 1.000000 0.924142 0.500000 0.993307 0.500000 
0.993307 0.500000 0.000000 0.842848 1.000000 0.924142 0.500000 0.993307 0.500000 
0.993307 0.500000 0.000000 0.841992 1.000000 0.924142 0.500000 0.993307 0.500000 
0.993307 0.500000 0.000000 0.841562 1.000000 0.924142 0.500000 0.993307 0.500000 
0.993307 0.500000 0.000000 0.841346 1.000000 0.924142 0.500000 0.993307 0.500000 
0.993307 0.500000 0.000000 0.841239 1.000000 0.924142 0.500000 0.993307 0.500000 
0.993307 0.500000 0.000000 0.841185 1.000000 0.924142 0.500000 0.993307 0.500000 
