0.500000 0.500000 0.500000 0.500000 0.500000 0.500000 0.500000 0.500000 0.500000 
0.500000 0.500000 0.906785 0.924142 0.562177 0.924142 0.924142 0.924142 0.500000 
0.500000 0.500000 0.906342 0.997004 0.313186 0.924142 0.989376 0.943261 0.500000 
0.500000 0.500000 0.915426 0.999787 0.343741 0.924142 0.989352 0.827203 0.500000 
0.500000 0.500000 0.914443 0.999975 0.335743 0.924142 0.989820 0.847962 0.500000 
0.500000 0.500000 0.914714 0.999995 0.336809 0.924142 0.989771 0.842734 0.500000 
0.500000 0.500000 0.914680 0.999999 0.336545 0.924142 0.989784 0.843439 0.500000 
0.500000 0.500000 0.914689 1.000000 0.336581 0.924142 0.989783 0.843265 0.500000 
0.500000 0.500000 0.914687 1.000000 0.336572 0.924142 0.989783 0.843289 0.500000 
0.500000 0.500000 0.914688 1.000000 0.336574 0.924142 0.989783 0.843283 0.500000 
0.500000 0.500000 0.914688 1.000000 0.336573 0.924142 0.989783 0.843284 0.500000 
0.500000 0.500000 0.914688 1.000000 0.336573 0.924142 0.989783 0.843284 0.500000 
0.500000 0.500000 0.914688 1.000000 0.336573 0.924142 0.989783 0.843284 0.500000 
0.500000 0.500000 0.914688 1.000000 0.336573 0.924142 0.989783 0.843284 0.500000 
0.500000 0.500000 0.914688 1.000000 0.336573 0.924142 0.989783 0.843284 0.500000 
0.500000 0.500000 0.914688 1.000000 0.336573 0.924142 0.989783 0.843284 0.500000 
0.500000 0.500000 0.914688 1.000000 0.336573 0.924142 0.989783 0.843284 0.500000 
0.500000 0.500000 0.914688 1.000000 0.336573 0.924142 0.989783 0.843284 0.500000 
0.500000 0.500000 0.914688 1.000000 0.336573 0.924142 0.989783 0.843284 0.500000 
0.500000 0.500000 0.914688 1.000000 0.336573 0.924142 0.989783 0.843284 0.500000 
0.500000 0.500000 0.914688 1.000000 0.336573 0.924142 0.989783 0.843284 0.500000 
0.500000 0.500000 0.914688 1.000000 0.336573 0.924142 0.989783 0.843284 0.500000 
0.500000 0.500000 0.914688 1.000000 0.336573 0.924142 0.989783 0.843284 0.500000 
0.500000 0.500000 0.914688 1.000000 0.336573 0.924142 0.989783 0.843284 0.500000 
0.500000 0.500000 0.914688 1.000000 0.336573 0.924142 0.989783 0.843284 0.500000 
0.500000 0.500000 0.914688 1.000000 0.336573 0.924142 0.989783 0.843284 0.500000 
0.500000 0.500000 0.914688 1.000000 0.336573 0.924142 0.989783 0.843284 0.500000 
0.500000 0.500000 0.914688 1.000000 0.336573 0.924142 0.989783 0.843284 0.500000 
0.500000 0.500000 0.914688 1.000000 0.336573 0.924142 0.989783 0.843284 0.500000 
0.500000 0.500000 0.914688 1.000000 0.336573 0.924142 0.989783 0.843284 0.500000 
0.500000 0.500000 0.914688 1.000000 0.336573 0.924142 0.989783 0.843284 0.500000 
0.500000 0.500000 0.914688 1.000000 0.336573 0.924142 0.989783 0.843284 0.500000 
0.500000 0.500000 0.914688 1.000000 0.336573 0.924142 0.989783 0.843284 0.500000 
0.500000 0.500000 0.914688 1.000000 0.336573 0.924142 0.989783 0.843284 0.500000 
0.500000 0.500000 0.914688 1.000000 0.336573 0.924142 0.989783 0.843284 0.500000 
0.500000 0.500000 0.914688 1.000000 0.336573 0.924142 0.989783 0.843284 0.500000 
0.500000 0.500000 0.914688 1.000000 0.336573 0.924142 0.989783 0.843284 0.500000 
0.500000 0.500000 0.914688 1.000000 0.336573 0.924142 0.989783 0.843284 0.500000 
0.500000 0.500000 0.914688 1.000000 0.336573 0.924142 0.989783 0.843284 0.500000 
0.500000 0.500000 0.914688 1.000000 0.336573 0.924142 0.989783 0.843284 0.500000 
0.500000 0.500000 0.914688 1.000000 0.336573 0.924142 0.989783 0.843284 0.500000 
0.500000 0.500000 0.914688 1.000000 0.336573 0.924142 0.989783 0.843284 0.500000 
0.500000 0.500000 0.914688 1.000000 0.336573 0.924142 0.989783 0.843284 0.500000 
0.500000 0.500000 0.914688 1.000000 0.336573 0.924142 0.989783 0.843284 0.500000 
0.500000 0.500000 0.914688 1.000000 0.336573 0.924142 0.989783 0.843284 0.500000 
0.500000 0.500000 0.914688 1.000000 0.336573 0.924142 0.989783 0.843284 0.500000 
0.500000 0.500000 0.914688 1.000000 0.336573 0.924142 0.989783 0.843284 0.500000 
0.500000 0.500000 0.914688 1.000000 0.336573 0.924142 0.989783 0.843284 0.500000 
0.500000 0.500000 0.914688 1.000000 0.336573 0.924142 0.989783 0.843284 0.500000 
0.500000 0.500000 0.914688 1.000000 0.336573 0.924142 0.989783 0.843284 0.500000 
