0.500000 0.500000 0.500000 0.500000 0.500000 0.500000 0.500000 0.500000 0.500000 
0.500000 0.500000 0.562177 0.924142 0.531209 0.924142 0.924142 0.924142 0.500000 
0.500000 0.500000 0.527368 0.937245 0.775342 0.924142 0.943261 0.934383 0.500000 
0.500000 0.500000 0.271104 0.930195 0.809630 0.924142 0.933195 0.979702 0.500000 
0.500000 0.500000 0.241691 0.851977 0.933481 0.924142 0.795031 0.982845 0.500000 
0.500000 0.500000 0.154363 0.839408 0.925623 0.924142 0.770025 0.990691 0.500000 
0.500000 0.500000 0.159029 0.797018 0.947567 0.924142 0.683914 0.990321 0.500000 
0.500000 0.500000 0.146263 0.799479 0.938853 0.924142 0.688935 0.991318 0.500000 
0.500000 0.500000 0.151226 0.792690 0.942686 0.924142 0.675094 0.990935 0.500000 
0.500000 0.500000 0.149026 0.795350 0.940142 0.924142 0.680513 0.991106 0.500000 
0.500000 0.500000 0.150483 0.794174 0.941219 0.924142 0.678117 0.990993 0.500000 
0.500000 0.500000 0.149865 0.794953 0.940617 0.924142 0.679705 0.991041 0.500000 
0.500000 0.500000 0.150211 0.794623 0.940924 0.924142 0.679032 0.991014 0.500000 
0.500000 0.500000 0.150034 0.794808 0.940772 0.924142 0.679408 0.991028 0.500000 
0.500000 0.500000 0.150122 0.794713 0.940853 0.924142 0.679216 0.991021 0.500000 
0.500000 0.500000 0.150075 0.794760 0.940812 0.924142 0.679311 0.991025 0.500000 
0.500000 0.500000 0.150098 0.794735 0.940833 0.924142 0.679261 0.991023 0.500000 
0.500000 0.500000 0.150086 0.794748 0.940823 0.924142 0.679286 0.991024 0.500000 
0.500000 0.500000 0.150093 0.794741 0.940828 0.924142 0.679273 0.991023 0.500000 
0.500000 0.500000 0.150089 0.794745 0.940825 0.924142 0.679280 0.991024 0.500000 
0.500000 0.500000 0.150091 0.794743 0.940827 0.924142 0.679276 0.991023 0.500000 
0.500000 0.500000 0.150090 0.794744 0.940826 0.924142 0.679278 0.991024 0.500000 
0.500000 0.500000 0.150091 0.794743 0.940826 0.924142 0.679277 0.991024 0.500000 
0.500000 0.500000 0.150090 0.794743 0.940826 0.924142 0.679277 0.991024 0.500000 
0.500000 0.500000 0.150091 0.794743 0.940826 0.924142 0.679277 0.991024 0.500000 
0.500000 0.500000 0.150091 0.794743 0.940826 0.924142 0.679277 0.991024 0.500000 
0.500000 0.500000 0.150091 0.794743 0.940826 0.924142 0.679277 0.991024 0.500000 
0.500000 0.500000 0.150091 0.794743 0.940826 0.924142 0.679277 0.991024 0.500000 
0.500000 0.500000 0.150091 0.794743 0.940826 0.924142 0.679277 0.991024 0.500000 
0.500000 0.500000 0.150091 0.794743 0.940826 0.924142 0.679277 0.991024 0.500000 
0.500000 0.500000 0.150091 0.794743 0.940826 0.924142 0.679277 0.991024 0.500000 
0.500000 0.500000 0.150091 0.794743 0.940826 0.924142 0.679277 0.991024 0.500000 
0.500000 0.500000 0.150091 0.794743 0.940826 0.924142 0.679277 0.991024 0.500000 
0.500000 0.500000 0.150091 0.794743 0.940826 0.924142 0.679277 0.991024 0.500000 
0.500000 0.500000 0.150091 0.794743 0.940826 0.924142 0.679277 0.991024 0.500000 
0.500000 0.500000 0.150091 0.794743 0.940826 0.924142 0.679277 0.991024 0.500000 
0.500000 0.500000 0.150091 0.794743 0.940826 0.924142 0.679277 0.991024 0.500000 
0.500000 0.500000 0.150091 0.794743 0.940826 0.924142 0.679277 0.991024 0.500000 
0.500000 0.500000 0.150091 0.794743 0.940826 0.924142 0.679277 0.991024 0.500000 
0.500000 0.500000 0.150091 0.794743 0.940826 0.924142 0.679277 0.991024 0.500000 
0.500000 0.500000 0.150091 0.794743 0.940826 0.924142 0.679277 0.991024 0.500000 
0.500000 0.500000 0.150091 0.794743 0.940826 0.924142 0.679277 0.991024 0.500000 
0.500000 0.500000 0.150091 0.794743 0.940826 0.924142 0.679277 0.991024 0.500000 
0.500000 0.500000 0.150091 0.794743 0.940826 0.924142 0.679277 0.991024 0.500000 
0.500000 0.500000 0.150091 0.794743 0.940826 0.924142 0.679277 0.991024 0.500000 
0.500000 0.500000 0.150091 0.794743 0.940826 0.924142 0.679277 0.991024 0.500000 
0.500000 0.500000 0.150091 0.794743 0.940826 0.924142 0.679277 0.991024 0.500000 
0.500000 0.500000 0.150091 0.794743 0.940826 0.924142 0.679277 0.991024 0.500000 
0.500000 0.500000 0.150091 0.794743 0.940826 0.924142 0.679277 0.991024 0.500000 
0.500000 0.500000 0.150091 0.794743 0.940826 0.924142 0.679277 0.991024 0.500000 
