0.500000 0.500000 0.500000 0.500000 0.500000 0.500000 0.500000 0.500000 0.500000 
0.500000 0.500000 0.731059 0.924142 0.500000 0.924142 0.924142 0.924142 0.500000 
0.500000 0.500000 0.880797 0.994573 0.500364 0.924142 0.974798 0.924142 0.500000 
0.500000 0.500000 0.952525 0.999607 0.364704 0.924142 0.987919 0.924269 0.500000 
0.500000 0.500000 0.987929 0.999961 0.277768 0.924142 0.991529 0.860988 0.500000 
0.500000 0.500000 0.997698 0.999995 0.236553 0.924142 0.992894 0.800407 0.500000 
0.500000 0.500000 0.999615 0.999999 0.224082 0.924142 0.993230 0.765445 0.500000 
0.500000 0.500000 0.999938 1.000000 0.221207 0.924142 0.993294 0.754065 0.500000 
0.500000 0.500000 0.999990 1.000000 0.220644 0.924142 0.993305 0.751389 0.500000 
0.500000 0.500000 0.999998 1.000000 0.220543 0.924142 0.993307 0.750863 0.500000 
0.500000 0.500000 1.000000 1.000000 0.220526 0.924142 0.993307 0.750768 0.500000 
0.500000 0.500000 1.000000 1.000000 0.220523 0.924142 0.993307 0.750752 0.500000 
0.500000 0.500000 1.000000 1.000000 0.220522 0.924142 0.993307 0.750749 0.500000 
0.500000 0.500000 1.000000 1.000000 0.220522 0.924142 0.993307 0.750749 0.500000 
0.500000 0.500000 1.000000 1.000000 0.220522 0.924142 0.993307 0.750749 0.500000 
0.500000 0.500000 1.000000 1.000000 0.220522 0.924142 0.993307 0.750749 0.500000 
0.500000 0.500000 1.000000 1.000000 0.220522 0.924142 0.993307 0.750749 0.500000 
0.500000 0.500000 1.000000 1.000000 0.220522 0.924142 0.993307 0.750749 0.500000 
0.500000 0.500000 1.000000 1.000000 0.220522 0.924142 0.993307 0.750749 0.500000 
0.500000 0.500000 1.000000 1.000000 0.220522 0.924142 0.993307 0.750749 0.500000 
0.500000 0.500000 1.000000 1.000000 0.220522 0.924142 0.993307 0.750749 0.500000 
0.500000 0.500000 1.000000 1.000000 0.220522 0.924142 0.993307 0.750749 0.500000 
0.500000 0.500000 1.000000 1.000000 0.220522 0.924142 0.993307 0.750749 0.500000 
0.500000 0.500000 1.000000 1.000000 0.220522 0.924142 0.993307 0.750749 0.500000 
0.500000 0.500000 1.000000 1.000000 0.220522 0.924142 0.993307 0.750749 0.500000 
0.500000 0.500000 1.000000 1.000000 0.220522 0.924142 0.993307 0.750749 0.500000 
0.500000 0.500000 1.000000 1.000000 0.220522 0.924142 0.993307 0.750749 0.500000 
0.500000 0.500000 1.000000 1.000000 0.220522 0.924142 0.993307 0.750749 0.500000 
0.500000 0.500000 1.000000 1.000000 0.220522 0.924142 0.993307 0.750749 0.500000 
0.500000 0.500000 1.000000 1.000000 0.220522 0.924142 0.993307 0.750749 0.500000 
0.500000 0.500000 1.000000 1.000000 0.220522 0.924142 0.993307 0.750749 0.500000 
0.500000 0.500000 1.000000 1.000000 0.220522 0.924142 0.993307 0.750749 0.500000 
0.500000 0.500000 1.000000 1.000000 0.220522 0.924142 0.993307 0.750749 0.500000 
0.500000 0.500000 1.000000 1.000000 0.220522 0.924142 0.993307 0.750749 0.500000 
0.500000 0.500000 1.000000 1.000000 0.220522 0.924142 0.993307 0.750749 0.500000 
0.500000 0.500000 1.000000 1.000000 0.220522 0.924142 0.993307 0.750749 0.500000 
0.500000 0.500000 1.000000 1.000000 0.220522 0.924142 0.993307 0.750749 0.500000 
0.500000 0.500000 1.000000 1.000000 0.220522 0.924142 0.993307 0.750749 0.500000 
0.500000 0.500000 1.000000 1.000000 0.220522 0.924142 0.993307 0.750749 0.500000 
0.500000 0.500000 1.000000 1.000000 0.220522 0.924142 0.993307 0.750749 0.500000 
0.500000 0.500000 1.000000 1.000000 0.220522 0.924142 0.993307 0.750749 0.500000 
0.500000 0.500000 1.000000 1.000000 0.220522 0.924142 0.993307 0.750749 0.500000 
0.500000 0.500000 1.000000 1.000000 0.220522 0.924142 0.993307 0.750749 0.500000 
0.500000 0.500000 1.000000 1.000000 0.220522 0.924142 0.993307 0.750749 0.500000 
0.500000 0.500000 1.000000 1.000000 0.220522 0.924142 0.993307 0.750749 0.500000 
0.500000 0.500000 1.000000 1.000000 0.220522 0.924142 0.993307 0.750749 0.500000 
0.500000 0.500000 1.000000 1.000000 0.220522 0.924142 0.993307 0.750749 0.500000 
0.500000 0.500000 1.000000 1.000000 0.220522 0.924142 0.993307 0.750749 0.500000 
0.500000 0.500000 1.000000 1.000000 0.220522 0.924142 0.993307 0.750749 0.500000 
0.500000 0.500000 1.000000 1.000000 0.220522 0.924142 0.993307 0.750749 0.500000 
