0.500000 0.500000 0.500000 0.500000 0.500000 0.500000 0.500000 0.500000 0.500000 
0.500000 0.500000 0.777300 0.924142 0.731059 0.924142 0.924142 0.924142 0.500000 
0.500000 0.500000 0.872401 0.945632 0.552477 0.924142 0.979895 0.974798 0.500000 
0.500000 0.500000 0.954399 0.950412 0.481683 0.924142 0.987408 0.940609 0.500000 
0.500000 0.500000 0.987092 0.953749 0.420892 0.924142 0.991608 0.917467 0.500000 
0.500000 0.500000 0.996935 0.955093 0.397208 0.924142 0.992864 0.891336 0.500000 
0.500000 0.500000 0.999319 0.955510 0.390168 0.924142 0.993205 0.879324 0.500000 
0.500000 0.500000 0.999852 0.955615 0.388470 0.924142 0.993284 0.875538 0.500000 
0.500000 0.500000 0.999968 0.955639 0.388092 0.924142 0.993302 0.874610 0.500000 
0.500000 0.500000 0.999993 0.955644 0.388009 0.924142 0.993306 0.874403 0.500000 
0.500000 0.500000 0.999998 0.955645 0.387991 0.924142 0.993307 0.874357 0.500000 
0.500000 0.500000 1.000000 0.955646 0.387987 0.924142 0.993307 0.874347 0.500000 
0.500000 0.500000 1.000000 0.955646 0.387987 0.924142 0.993307 0.874345 0.500000 
0.500000 0.500000 1.000000 0.955646 0.387986 0.924142 0.993307 0.874345 0.500000 
0.500000 0.500000 1.000000 0.955646 0.387986 0.924142 0.993307 0.874345 0.500000 
0.500000 0.500000 1.000000 0.955646 0.387986 0.924142 0.993307 0.874345 0.500000 
0.500000 0.500000 1.000000 0.955646 0.387986 0.924142 0.993307 0.874345 0.500000 
0.500000 0.500000 1.000000 0.955646 0.387986 0.924142 0.993307 0.874345 0.500000 
0.500000 0.500000 1.000000 0.955646 0.387986 0.924142 0.993307 0.874345 0.500000 
0.500000 0.500000 1.000000 0.955646 0.387986 0.924142 0.993307 0.874345 0.500000 
0.500000 0.500000 1.000000 0.955646 0.387986 0.924142 0.993307 0.874345 0.500000 
0.500000 0.500000 1.000000 0.955646 0.387986 0.924142 0.993307 0.874345 0.500000 
0.500000 0.500000 1.000000 0.955646 0.387986 0.924142 0.993307 0.874345 0.500000 
0.500000 0.500000 1.000000 0.955646 0.387986 0.924142 0.993307 0.874345 0.500000 
0.500000 0.500000 1.000000 0.955646 0.387986 0.924142 0.993307 0.874345 0.500000 
0.500000 0.500000 1.000000 0.955646 0.387986 0.924142 0.993307 0.874345 0.500000 
0.500000 0.500000 1.000000 0.955646 0.387986 0.924142 0.993307 0.874345 0.500000 
0.500000 0.500000 1.000000 0.955646 0.387986 0.924142 0.993307 0.874345 0.500000 
0.500000 0.500000 1.000000 0.955646 0.387986 0.924142 0.993307 0.874345 0.500000 
0.500000 0.500000 1.000000 0.955646 0.387986 0.924142 0.993307 0.874345 0.500000 
0.500000 0.500000 1.000000 0.955646 0.387986 0.924142 0.993307 0.874345 0.500000 
0.500000 0.500000 1.000000 0.955646 0.387986 0.924142 0.993307 0.874345 0.500000 
0.500000 0.500000 1.000000 0.955646 0.387986 0.924142 0.993307 0.874345 0.500000 
0.500000 0.500000 1.000000 0.955646 0.387986 0.924142 0.993307 0.874345 0.500000 
0.500000 0.500000 1.000000 0.955646 0.387986 0.924142 0.993307 0.874345 0.500000 
0.500000 0.500000 1.000000 0.955646 0.387986 0.924142 0.993307 0.874345 0.500000 
0.500000 0.500000 1.000000 0.955646 0.387986 0.924142 0.993307 0.874345 0.500000 
0.500000 0.500000 1.000000 0.955646 0.387986 0.924142 0.993307 0.874345 0.500000 
0.500000 0.500000 1.000000 0.955646 0.387986 0.924142 0.993307 0.874345 0.500000 
0.500000 0.500000 1.000000 0.955646 0.387986 0.924142 0.993307 0.874345 0.500000 
0.500000 0.500000 1.000000 0.955646 0.387986 0.924142 0.993307 0.874345 0.500000 
0.500000 0.500000 1.000000 0.955646 0.387986 0.924142 0.993307 0.874345 0.500000 
0.500000 0.500000 1.000000 0.955646 0.387986 0.924142 0.993307 0.874345 0.500000 
0.500000 0.500000 1.000000 0.955646 0.387986 0.924142 0.993307 0.874345 0.500000 
0.500000 0.500000 1.000000 0.955646 0.387986 0.924142 0.993307 0.874345 0.500000 
0.500000 0.500000 1.000000 0.955646 0.387986 0.924142 0.993307 0.874345 0.500000 
0.500000 0.500000 1.000000 0.955646 0.387986 0.924142 0.993307 0.874345 0.500000 
0.500000 0.500000 1.000000 0.955646 0.387986 0.924142 0.993307 0.874345 0.500000 
0.500000 0.500000 1.000000 0.955646 0.387986 0.924142 0.993307 0.874345 0.500000 
0.500000 0.500000 1.000000 0.955646 0.387986 0.924142 0.993307 0.874345 0.500000 
