0.500000 0.500000 0.500000 0.500000 0.500000 0.500000 0.500000 0.500000 0.500000 
0.500000 0.500000 0.562177 0.924142 0.531209 0.924142 0.924142 0.924142 0.500000 
0.500000 0.500000 0.527368 0.994534 0.776376 0.924142 0.943261 0.934383 0.500000 
0.500000 0.500000 0.270186 0.999588 0.839679 0.924142 0.933195 0.979804 0.500000 
0.500000 0.500000 0.217780 0.999928 0.947768 0.924142 0.794281 0.985203 0.500000 
0.500000 0.500000 0.146155 0.999985 0.959336 0.924142 0.748174 0.991327 0.500000 
0.500000 0.500000 0.139771 0.999996 0.970800 0.924142 0.674975 0.991811 0.500000 
0.500000 0.500000 0.133683 0.999999 0.971742 0.924142 0.667934 0.992263 0.500000 
0.500000 0.500000 0.133192 1.000000 0.972535 0.924142 0.661148 0.992299 0.500000 
0.500000 0.500000 0.132781 1.000000 0.972605 0.924142 0.660598 0.992330 0.500000 
0.500000 0.500000 0.132744 1.000000 0.972658 0.924142 0.660137 0.992332 0.500000 
0.500000 0.500000 0.132717 1.000000 0.972663 0.924142 0.660096 0.992334 0.500000 
0.500000 0.500000 0.132714 1.000000 0.972666 0.924142 0.660065 0.992334 0.500000 
0.500000 0.500000 0.132712 1.000000 0.972667 0.924142 0.660062 0.992335 0.500000 
0.500000 0.500000 0.132712 1.000000 0.972667 0.924142 0.660060 0.992335 0.500000 
0.500000 0.500000 0.132712 1.000000 0.972667 0.924142 0.660060 0.992335 0.500000 
0.500000 0.500000 0.132712 1.000000 0.972667 0.924142 0.660060 0.992335 0.500000 
0.500000 0.500000 0.132712 1.000000 0.972667 0.924142 0.660060 0.992335 0.500000 
0.500000 0.500000 0.132712 1.000000 0.972667 0.924142 0.660060 0.992335 0.500000 
0.500000 0.500000 0.132712 1.000000 0.972667 0.924142 0.660060 0.992335 0.500000 
0.500000 0.500000 0.132712 1.000000 0.972667 0.924142 0.660060 0.992335 0.500000 
0.500000 0.500000 0.132712 1.000000 0.972667 0.924142 0.660060 0.992335 0.500000 
0.500000 0.500000 0.132712 1.000000 0.972667 0.924142 0.660060 0.992335 0.500000 
0.500000 0.500000 0.132712 1.000000 0.972667 0.924142 0.660060 0.992335 0.500000 
0.500000 0.500000 0.132712 1.000000 0.972667 0.924142 0.660060 0.992335 0.500000 
0.500000 0.500000 0.132712 1.000000 0.972667 0.924142 0.660060 0.992335 0.500000 
0.500000 0.500000 0.132712 1.000000 0.972667 0.924142 0.660060 0.992335 0.500000 
0.500000 0.500000 0.132712 1.000000 0.972667 0.924142 0.660060 0.992335 0.500000 
0.500000 0.500000 0.132712 1.000000 0.972667 0.924142 0.660060 0.992335 0.500000 
0.500000 0.500000 0.132712 1.000000 0.972667 0.924142 0.660060 0.992335 0.500000 
0.500000 0.500000 0.132712 1.000000 0.972667 0.924142 0.660060 0.992335 0.500000 
0.500000 0.500000 0.132712 1.000000 0.972667 0.924142 0.660060 0.992335 0.500000 
0.500000 0.500000 0.132712 1.000000 0.972667 0.924142 0.660060 0.992335 0.500000 
0.500000 0.500000 0.132712 1.000000 0.972667 0.924142 0.660060 0.992335 0.500000 
0.500000 0.500000 0.132712 1.000000 0.972667 0.924142 0.660060 0.992335 0.500000 
0.500000 0.500000 0.132712 1.000000 0.972667 0.924142 0.660060 0.992335 0.500000 
0.500000 0.500000 0.132712 1.000000 0.972667 0.924142 0.660060 0.992335 0.500000 
0.500000 0.500000 0.132712 1.000000 0.972667 0.924142 0.660060 0.992335 0.500000 
0.500000 0.500000 0.132712 1.000000 0.972667 0.924142 0.660060 0.992335 0.500000 
0.500000 0.500000 0.132712 1.000000 0.972667 0.924142 0.660060 0.992335 0.500000 
0.500000 0.500000 0.132712 1.000000 0.972667 0.924142 0.660060 0.992335 0.500000 
0.500000 0.500000 0.132712 1.000000 0.972667 0.924142 0.660060 0.992335 0.500000 
0.500000 0.500000 0.132712 1.000000 0.972667 0.924142 0.660060 0.992335 0.500000 
0.500000 0.500000 0.132712 1.000000 0.972667 0.924142 0.660060 0.992335 0.500000 
0.500000 0.500000 0.132712 1.000000 0.972667 0.924142 0.660060 0.992335 0.500000 
0.500000 0.500000 0.132712 1.000000 0.972667 0.924142 0.660060 0.992335 0.500000 
0.500000 0.500000 0.132712 1.000000 0.972667 0.924142 0.660060 0.992335 0.500000 
0.500000 0.500000 0.132712 1.000000 0.972667 0.924142 0.660060 0.992335 0.500000 
0.500000 0.500000 0.132712 1.000000 0.972667 0.924142 0.660060 0.992335 0.500000 
0.500000 0.500000 0.132712 1.000000 0.972667 0.924142 0.660060 0.992335 0.500000 
