0.500000 0.500000 0.500000 0.500000 0.500000 0.500000 0.500000 0.500000 0.500000 
0.500000 0.500000 0.904651 0.924142 0.531209 0.924142 0.924142 0.924142 0.500000 
0.500000 0.500000 0.903316 0.978665 0.400676 0.924142 0.989263 0.934383 0.500000 
0.500000 0.500000 0.908868 0.978576 0.445947 0.924142 0.989192 0.881151 0.500000 
0.500000 0.500000 0.906976 0.978954 0.439369 0.924142 0.989485 0.902888 0.500000 
0.500000 0.500000 0.907253 0.978826 0.441890 0.924142 0.989386 0.899966 0.500000 
0.500000 0.500000 0.907147 0.978845 0.441462 0.924142 0.989400 0.901095 0.500000 
0.500000 0.500000 0.907165 0.978838 0.441602 0.924142 0.989395 0.900904 0.500000 
0.500000 0.500000 0.907159 0.978839 0.441575 0.924142 0.989396 0.900966 0.500000 
0.500000 0.500000 0.907160 0.978838 0.441582 0.924142 0.989395 0.900954 0.500000 
0.500000 0.500000 0.907160 0.978839 0.441581 0.924142 0.989395 0.900958 0.500000 
0.500000 0.500000 0.907160 0.978838 0.441581 0.924142 0.989395 0.900957 0.500000 
0.500000 0.500000 0.907160 0.978838 0.441581 0.924142 0.989395 0.900957 0.500000 
0.500000 0.500000 0.907160 0.978838 0.441581 0.924142 0.989395 0.900957 0.500000 
0.500000 0.500000 0.907160 0.978838 0.441581 0.924142 0.989395 0.900957 0.500000 
0.500000 0.500000 0.907160 0.978838 0.441581 0.924142 0.989395 0.900957 0.500000 
0.500000 0.500000 0.907160 0.978838 0.441581 0.924142 0.989395 0.900957 0.500000 
0.500000 0.500000 0.907160 0.978838 0.441581 0.924142 0.989395 0.900957 0.500000 
0.500000 0.500000 0.907160 0.978838 0.441581 0.924142 0.989395 0.900957 0.500000 
0.500000 0.500000 0.907160 0.978838 0.441581 0.924142 0.989395 0.900957 0.500000 
0.500000 0.500000 0.907160 0.978838 0.441581 0.924142 0.989395 0.900957 0.500000 
0.500000 0.500000 0.907160 0.978838 0.441581 0.924142 0.989395 0.900957 0.500000 
0.500000 0.500000 0.907160 0.978838 0.441581 0.924142 0.989395 0.900957 0.500000 
0.500000 0.500000 0.907160 0.978838 0.441581 0.924142 0.989395 0.900957 0.500000 
0.500000 0.500000 0.907160 0.978838 0.441581 0.924142 0.989395 0.900957 0.500000 
0.500000 0.500000 0.907160 0.978838 0.441581 0.924142 0.989395 0.900957 0.500000 
0.500000 0.500000 0.907160 0.978838 0.441581 0.924142 0.989395 0.900957 0.500000 
0.500000 0.500000 0.907160 0.978838 0.441581 0.924142 0.989395 0.900957 0.500000 
0.500000 0.500000 0.907160 0.978838 0.441581 0.924142 0.989395 0.900957 0.500000 
0.500000 0.500000 0.907160 0.978838 0.441581 0.924142 0.989395 0.900957 0.500000 
0.500000 0.500000 0.907160 0.978838 0.441581 0.924142 0.989395 0.900957 0.500000 
0.500000 0.500000 0.907160 0.978838 0.441581 0.924142 0.989395 0.900957 0.500000 
0.500000 0.500000 0.907160 0.978838 0.441581 0.924142 0.989395 0.900957 0.500000 
0.500000 0.500000 0.907160 0.978838 0.441581 0.924142 0.989395 0.900957 0.500000 
0.500000 0.500000 0.907160 0.978838 0.441581 0.924142 0.989395 0.900957 0.500000 
0.500000 0.500000 0.907160 0.978838 0.441581 0.924142 0.989395 0.900957 0.500000 
0.500000 0.500000 0.907160 0.978838 0.441581 0.924142 0.989395 0.900957 0.500000 
0.500000 0.500000 0.907160 0.978838 0.441581 0.924142 0.989395 0.900957 0.500000 
0.500000 0.500000 0.907160 0.978838 0.441581 0.924142 0.989395 0.900957 0.500000 
0.500000 0.500000 0.907160 0.978838 0.441581 0.924142 0.989395 0.900957 0.500000 
0.500000 0.500000 0.907160 0.978838 0.441581 0.924142 0.989395 0.900957 0.500000 
0.500000 0.500000 0.907160 0.978838 0.441581 0.924142 0.989395 0.900957 0.500000 
0.500000 0.500000 0.907160 0.978838 0.441581 0.924142 0.989395 0.900957 0.500000 
0.500000 0.500000 0.907160 0.978838 0.441581 0.924142 0.989395 0.900957 0.500000 
0.500000 0.500000 0.907160 0.978838 0.441581 0.924142 0.989395 0.900957 0.500000 
0.500000 0.500000 0.907160 0.978838 0.441581 0.924142 0.989395 0.900957 0.500000 
0.500000 0.500000 0.907160 0.978838 0.441581 0.924142 0.989395 0.900957 0.500000 
0.500000 0.500000 0.907160 0.978838 0.441581 0.924142 0.989395 0.900957 0.500000 
0.500000 0.500000 0.907160 0.978838 0.441581 0.924142 0.989395 0.900957 0.500000 
0.500000 0.500000 0.907160 0.978838 0.441581 0.924142 0.989395 0.900957 0.500000 
