0.500000 0.500000 0.500000 0.500000 0.500000 0.500000 0.500000 0.500000 0.500000 
0.500000 0.500000 0.500000 0.924142 0.500000 0.924142 0.924142 0.924142 0.500000 
0.500000 0.500000 0.500000 0.985936 0.760742 0.924142 0.924142 0.924142 0.500000 
0.500000 0.500000 0.213542 0.995827 0.870305 0.924142 0.924142 0.978198 0.500000 
0.500000 0.500000 0.040886 0.995556 0.976715 0.924142 0.744161 0.987277 0.500000 
0.500000 0.500000 0.003916 0.991938 0.995991 0.924142 0.550930 0.992487 0.500000 
0.500000 0.500000 0.000329 0.986268 0.998614 0.924142 0.504895 0.993173 0.500000 
0.500000 0.500000 0.000027 0.979883 0.999187 0.924142 0.500411 0.993261 0.500000 
0.500000 0.500000 0.000002 0.973738 0.999368 0.924142 0.500034 0.993280 0.500000 
0.500000 0.500000 0.000000 0.968385 0.999433 0.924142 0.500003 0.993286 0.500000 
0.500000 0.500000 0.000000 0.964024 0.999455 0.924142 0.500000 0.993288 0.500000 
0.500000 0.500000 0.000000 0.960632 0.999460 0.924142 0.500000 0.993289 0.500000 
0.500000 0.500000 0.000000 0.958077 0.999457 0.924142 0.500000 0.993289 0.500000 
0.500000 0.500000 0.000000 0.956196 0.999452 0.924142 0.500000 0.993289 0.500000 
0.500000 0.500000 0.000000 0.954831 0.999446 0.924142 0.500000 0.993289 0.500000 
0.500000 0.500000 0.000000 0.953851 0.999441 0.924142 0.500000 0.993289 0.500000 
0.500000 0.500000 0.000000 0.953154 0.999438 0.924142 0.500000 0.993289 0.500000 
0.500000 0.500000 0.000000 0.952659 0.999434 0.924142 0.500000 0.993288 0.500000 
0.500000 0.500000 0.000000 0.952311 0.999432 0.924142 0.500000 0.993288 0.500000 
0.500000 0.500000 0.000000 0.952065 0.999430 0.924142 0.500000 0.993288 0.500000 
0.500000 0.500000 0.000000 0.951892 0.999429 0.924142 0.500000 0.993288 0.500000 
0.500000 0.500000 0.000000 0.951771 0.999428 0.924142 0.500000 0.993288 0.500000 
0.500000 0.500000 0.000000 0.951686 0.999428 0.924142 0.500000 0.993288 0.500000 
0.500000 0.500000 0.000000 0.951626 0.999427 0.924142 0.500000 0.993288 0.500000 
0.500000 0.500000 0.000000 0.951584 0.999427 0.924142 0.500000 0.993288 0.500000 
