0.500000 0.500000 0.500000 0.500000 0.500000 0.500000 0.500000 0.500000 0.500000 
0.500000 0.500000 0.562177 0.924142 0.531209 0.924142 0.924142 0.924142 0.500000 
0.500000 0.500000 0.533589 0.948806 0.728626 0.924142 0.943261 0.934383 0.500000 
0.500000 0.500000 0.317484 0.947028 0.768408 0.924142 0.935108 0.974497 0.500000 
0.500000 0.500000 0.262237 0.908094 0.902306 0.924142 0.830252 0.979001 0.500000 
0.500000 0.500000 0.159251 0.889005 0.916030 0.924142 0.787712 0.989138 0.500000 
0.500000 0.500000 0.143255 0.855542 0.944190 0.924142 0.689172 0.989851 0.500000 
0.500000 0.500000 0.127005 0.846178 0.943613 0.924142 0.671786 0.991172 0.500000 
0.500000 0.500000 0.125754 0.839328 0.946294 0.924142 0.653627 0.991147 0.500000 
0.500000 0.500000 0.124311 0.838167 0.945669 0.924142 0.652211 0.991263 0.500000 
0.500000 0.500000 0.124474 0.837516 0.945852 0.924142 0.650572 0.991236 0.500000 
0.500000 0.500000 0.124400 0.837511 0.945723 0.924142 0.650757 0.991244 0.500000 
0.500000 0.500000 0.124456 0.837483 0.945739 0.924142 0.650673 0.991239 0.500000 
0.500000 0.500000 0.124454 0.837501 0.945722 0.924142 0.650737 0.991239 0.500000 
0.500000 0.500000 0.124462 0.837502 0.945725 0.924142 0.650734 0.991239 0.500000 
0.500000 0.500000 0.124461 0.837505 0.945723 0.924142 0.650744 0.991239 0.500000 
0.500000 0.500000 0.124462 0.837505 0.945723 0.924142 0.650743 0.991239 0.500000 
0.500000 0.500000 0.124462 0.837506 0.945723 0.924142 0.650744 0.991239 0.500000 
0.500000 0.500000 0.124462 0.837505 0.945723 0.924142 0.650744 0.991239 0.500000 
0.500000 0.500000 0.124462 0.837506 0.945723 0.924142 0.650744 0.991239 0.500000 
0.500000 0.500000 0.124462 0.837506 0.945723 0.924142 0.650744 0.991239 0.500000 
0.500000 0.500000 0.124462 0.837506 0.945723 0.924142 0.650744 0.991239 0.500000 
0.500000 0.500000 0.124462 0.837506 0.945723 0.924142 0.650744 0.991239 0.500000 
0.993307 0.500000 0.124462 0.837506 0.945723 0.924142 0.650744 0.991239 0.500000 
0.500000 0.500000 0.423974 0.837506 0.945723 0.924142 0.650744 0.991239 0.500000 
0.500000 0.500000 0.143514 0.921045 0.807706 0.924142 0.892819 0.991239 0.500000 
0.500000 0.500000 0.211932 0.854884 0.951707 0.924142 0.672072 0.982682 0.500000 
0.500000 0.500000 0.128531 0.868950 0.923508 0.924142 0.742626 0.991495 0.500000 
0.500000 0.500000 0.136203 0.842384 0.948856 0.924142 0.655353 0.990220 0.500000 
0.500000 0.500000 0.124056 0.842299 0.943535 0.924142 0.663966 0.991374 0.500000 
0.500000 0.500000 0.125498 0.837840 0.946467 0.924142 0.650282 0.991143 0.500000 
0.500000 0.500000 0.124201 0.837923 0.945525 0.924142 0.651920 0.991271 0.500000 
0.500000 0.500000 0.124533 0.837450 0.945843 0.924142 0.650447 0.991230 0.500000 
0.500000 0.500000 0.124410 0.837526 0.945699 0.924142 0.650825 0.991244 0.500000 
0.500000 0.500000 0.124469 0.837488 0.945739 0.924142 0.650685 0.991238 0.500000 
0.500000 0.500000 0.124455 0.837506 0.945719 0.924142 0.650751 0.991239 0.500000 
0.500000 0.500000 0.124463 0.837503 0.945725 0.924142 0.650736 0.991239 0.500000 
0.500000 0.500000 0.124461 0.837506 0.945723 0.924142 0.650745 0.991239 0.500000 
0.500000 0.500000 0.124462 0.837505 0.945723 0.924142 0.650743 0.991239 0.500000 
0.500000 0.500000 0.124462 0.837506 0.945723 0.924142 0.650744 0.991239 0.500000 
0.500000 0.500000 0.124462 0.837505 0.945723 0.924142 0.650744 0.991239 0.500000 
0.500000 0.500000 0.124462 0.837506 0.945723 0.924142 0.650744 0.991239 0.500000 
0.500000 0.500000 0.124462 0.837506 0.945723 0.924142 0.650744 0.991239 0.500000 
0.500000 0.500000 0.124462 0.837506 0.945723 0.924142 0.650744 0.991239 0.500000 
0.500000 0.500000 0.124462 0.837506 0.945723 0.924142 0.650744 0.991239 0.500000 
0.500000 0.500000 0.124462 0.837506 0.945723 0.924142 0.650744 0.991239 0.500000 
0.500000 0.500000 0.124462 0.837506 0.945723 0.924142 0.650744 0.991239 0.500000 
0.500000 0.500000 0.124462 0.837506 0.945723 0.924142 0.650744 0.991239 0.500000 
0.500000 0.500000 0.124462 0.837506 0.945723 0.924142 0.650744 0.991239 0.500000 
0.500000 0.500000 0.124462 0.837506 0.945723 0.924142 0.650744 0.991239 0.500000 
0.993307 0.500000 0.124462 0.837506 0.945723 0.924142 0.650744 0.991239 0.500000 
0.500000 0.500000 0.423974 0.837506 0.945723 0.924142 0.650744 0.991239 0.500000 
0.500000 0.500000 0.143514 0.921045 0.807706 0.924142 0.892819 0.991239 0.500000 
0.500000 0.500000 0.211932 0.854884 0.951707 0.924142 0.672072 0.982682 0.500000 
0.500000 0.500000 0.128531 0.868950 0.923508 0.924142 0.742626 0.991495 0.500000 
0.500000 0.500000 0.136203 0.842384 0.948856 0.924142 0.655353 0.990220 0.500000 
0.500000 0.500000 0.124056 0.842299 0.943535 0.924142 0.663966 0.991374 0.500000 
0.500000 0.500000 0.125498 0.837840 0.946467 0.924142 0.650282 0.991143 0.500000 
0.500000 0.500000 0.124201 0.837923 0.945525 0.924142 0.651920 0.991271 0.500000 
0.500000 0.500000 0.124533 0.837450 0.945843 0.924142 0.650447 0.991230 0.500000 
0.500000 0.500000 0.124410 0.837526 0.945699 0.924142 0.650825 0.991244 0.500000 
0.500000 0.500000 0.124469 0.837488 0.945739 0.924142 0.650685 0.991238 0.500000 
0.500000 0.500000 0.124455 0.837506 0.945719 0.924142 0.650751 0.991239 0.500000 
0.500000 0.500000 0.124463 0.837503 0.945725 0.924142 0.650736 0.991239 0.500000 
0.500000 0.500000 0.124461 0.837506 0.945723 0.924142 0.650745 0.991239 0.500000 
0.500000 0.500000 0.124462 0.837505 0.945723 0.924142 0.650743 0.991239 0.500000 
0.500000 0.500000 0.124462 0.837506 0.945723 0.924142 0.650744 0.991239 0.500000 
0.500000 0.500000 0.124462 0.837505 0.945723 0.924142 0.650744 0.991239 0.500000 
0.500000 0.500000 0.124462 0.837506 0.945723 0.924142 0.650744 0.991239 0.500000 
0.500000 0.500000 0.124462 0.837506 0.945723 0.924142 0.650744 0.991239 0.500000 
0.500000 0.500000 0.124462 0.837506 0.945723 0.924142 0.650744 0.991239 0.500000 
0.500000 0.500000 0.124462 0.837506 0.945723 0.924142 0.650744 0.991239 0.500000 
0.500000 0.500000 0.124462 0.837506 0.945723 0.924142 0.650744 0.991239 0.500000 
0.500000 0.500000 0.124462 0.837506 0.945723 0.924142 0.650744 0.991239 0.500000 
0.500000 0.500000 0.124462 0.837506 0.945723 0.924142 0.650744 0.991239 0.500000 
0.500000 0.500000 0.124462 0.837506 0.945723 0.924142 0.650744 0.991239 0.500000 
0.500000 0.500000 0.124462 0.837506 0.945723 0.924142 0.650744 0.991239 0.500000 
0.993307 0.500000 0.124462 0.837506 0.945723 0.924142 0.650744 0.991239 0.500000 
0.500000 0.500000 0.423974 0.837506 0.945723 0.924142 0.650744 0.991239 0.500000 
0.500000 0.500000 0.143514 0.921045 0.807706 0.924142 0.892819 0.991239 0.500000 
0.500000 0.500000 0.211932 0.854884 0.951707 0.924142 0.672072 0.982682 0.500000 
0.500000 0.500000 0.128531 0.868950 0.923508 0.924142 0.742626 0.991495 0.500000 
0.500000 0.500000 0.136203 0.842384 0.948856 0.924142 0.655353 0.990220 0.500000 
0.500000 0.500000 0.124056 0.842299 0.943535 0.924142 0.663966 0.991374 0.500000 
0.500000 0.500000 0.125498 0.837840 0.946467 0.924142 0.650282 0.991143 0.500000 
0.500000 0.500000 0.124201 0.837923 0.945525 0.924142 0.651920 0.991271 0.500000 
0.500000 0.500000 0.124533 0.837450 0.945843 0.924142 0.650447 0.991230 0.500000 
0.500000 0.500000 0.124410 0.837526 0.945699 0.924142 0.650825 0.991244 0.500000 
0.500000 0.500000 0.124469 0.837488 0.945739 0.924142 0.650685 0.991238 0.500000 
0.500000 0.500000 0.124455 0.837506 0.945719 0.924142 0.650751 0.991239 0.500000 
0.500000 0.500000 0.124463 0.837503 0.945725 0.924142 0.650736 0.991239 0.500000 
0.500000 0.500000 0.124461 0.837506 0.945723 0.924142 0.650745 0.991239 0.500000 
0.500000 0.500000 0.124462 0.837505 0.945723 0.924142 0.650743 0.991239 0.500000 
0.500000 0.500000 0.124462 0.837506 0.945723 0.924142 0.650744 0.991239 0.500000 
0.500000 0.500000 0.124462 0.837505 0.945723 0.924142 0.650744 0.991239 0.500000 
0.500000 0.500000 0.124462 0.837506 0.945723 0.924142 0.650744 0.991239 0.500000 
0.500000 0.500000 0.124462 0.837506 0.945723 0.924142 0.650744 0.991239 0.500000 
0.500000 0.500000 0.124462 0.837506 0.945723 0.924142 0.650744 0.991239 0.500000 
0.500000 0.500000 0.124462 0.837506 0.945723 0.924142 0.650744 0.991239 0.500000 
0.500000 0.500000 0.124462 0.837506 0.945723 0.924142 0.650744 0.991239 0.500000 
0.500000 0.500000 0.124462 0.837506 0.945723 0.924142 0.650744 0.991239 0.500000 
0.500000 0.500000 0.124462 0.837506 0.945723 0.924142 0.650744 0.991239 0.500000 
0.500000 0.500000 0.124462 0.837506 0.945723 0.924142 0.650744 0.991239 0.500000 
0.500000 0.500000 0.124462 0.837506 0.945723 0.924142 0.650744 0.991239 0.500000 
