0.500000 0.500000 0.500000 0.500000 0.500000 0.500000 0.500000 0.500000 0.500000 
0.500000 0.500000 0.562177 0.924142 0.531209 0.924142 0.924142 0.924142 0.500000 
0.500000 0.500000 0.527368 0.937244 0.776376 0.924142 0.943261 0.934383 0.500000 
0.500000 0.500000 0.270186 0.930193 0.812278 0.924142 0.933195 0.979804 0.500000 
0.500000 0.500000 0.239514 0.851595 0.934941 0.924142 0.794281 0.983067 0.500000 
0.500000 0.500000 0.153508 0.838442 0.928303 0.924142 0.768092 0.990758 0.500000 
0.500000 0.500000 0.157422 0.796561 0.949047 0.924142 0.682988 0.990449 0.500000 
0.500000 0.500000 0.145433 0.798632 0.941033 0.924142 0.687211 0.991382 0.500000 
0.500000 0.500000 0.149972 0.792241 0.944396 0.924142 0.674183 0.991033 0.500000 
0.500000 0.500000 0.148053 0.794678 0.942137 0.924142 0.679148 0.991181 0.500000 
0.500000 0.500000 0.149340 0.793650 0.943046 0.924142 0.677053 0.991082 0.500000 
0.500000 0.500000 0.148820 0.794340 0.942541 0.924142 0.678459 0.991122 0.500000 
0.500000 0.500000 0.149109 0.794062 0.942793 0.924142 0.677892 0.991099 0.500000 
0.500000 0.500000 0.148965 0.794216 0.942672 0.924142 0.678207 0.991111 0.500000 
0.500000 0.500000 0.149034 0.794139 0.942736 0.924142 0.678050 0.991105 0.500000 
0.500000 0.500000 0.148998 0.794176 0.942705 0.924142 0.678125 0.991108 0.500000 
0.500000 0.500000 0.149015 0.794157 0.942720 0.924142 0.678086 0.991107 0.500000 
0.500000 0.500000 0.149006 0.794166 0.942712 0.924142 0.678105 0.991107 0.500000 
0.500000 0.500000 0.149011 0.794161 0.942716 0.924142 0.678095 0.991107 0.500000 
0.500000 0.500000 0.149009 0.794164 0.942714 0.924142 0.678100 0.991107 0.500000 
0.500000 0.500000 0.149010 0.794163 0.942715 0.924142 0.678098 0.991107 0.500000 
0.500000 0.500000 0.149009 0.794163 0.942715 0.924142 0.678099 0.991107 0.500000 
0.500000 0.500000 0.149010 0.794163 0.942715 0.924142 0.678098 0.991107 0.500000 
0.993307 0.500000 0.149009 0.794163 0.942715 0.924142 0.678099 0.991107 0.500000 
0.500000 0.500000 0.475511 0.794163 0.942715 0.924142 0.678099 0.991107 0.500000 
0.500000 0.500000 0.149030 0.918323 0.777272 0.924142 0.915100 0.991107 0.500000 
0.500000 0.500000 0.269355 0.794174 0.960795 0.924142 0.678121 0.979893 0.500000 
0.500000 0.500000 0.138993 0.851250 0.903183 0.924142 0.793602 0.991870 0.500000 
0.500000 0.500000 0.173001 0.788748 0.954039 0.924142 0.667070 0.989185 0.500000 
0.500000 0.500000 0.142665 0.806714 0.935296 0.924142 0.703705 0.991593 0.500000 
0.500000 0.500000 0.153292 0.790745 0.946414 0.924142 0.671135 0.990774 0.500000 
0.500000 0.500000 0.146911 0.796447 0.941016 0.924142 0.682755 0.991269 0.500000 
0.500000 0.500000 0.149981 0.793037 0.943640 0.924142 0.675804 0.991032 0.500000 
0.500000 0.500000 0.148482 0.794683 0.942271 0.924142 0.679158 0.991148 0.500000 
0.500000 0.500000 0.149263 0.793881 0.942939 0.924142 0.677523 0.991088 0.500000 
0.500000 0.500000 0.148882 0.794299 0.942601 0.924142 0.678375 0.991117 0.500000 
0.500000 0.500000 0.149074 0.794095 0.942771 0.924142 0.677959 0.991102 0.500000 
0.500000 0.500000 0.148977 0.794198 0.942686 0.924142 0.678169 0.991110 0.500000 
0.500000 0.500000 0.149026 0.794146 0.942729 0.924142 0.678064 0.991106 0.500000 
0.500000 0.500000 0.149001 0.794172 0.942708 0.924142 0.678116 0.991108 0.500000 
0.500000 0.500000 0.149014 0.794159 0.942718 0.924142 0.678090 0.991107 0.500000 
0.500000 0.500000 0.149007 0.794165 0.942713 0.924142 0.678103 0.991107 0.500000 
0.500000 0.500000 0.149010 0.794162 0.942716 0.924142 0.678096 0.991107 0.500000 
0.500000 0.500000 0.149009 0.794164 0.942714 0.924142 0.678100 0.991107 0.500000 
0.500000 0.500000 0.149010 0.794163 0.942715 0.924142 0.678098 0.991107 0.500000 
0.500000 0.500000 0.149009 0.794163 0.942715 0.924142 0.678099 0.991107 0.500000 
0.500000 0.500000 0.149010 0.794163 0.942715 0.924142 0.678098 0.991107 0.500000 
0.500000 0.500000 0.149009 0.794163 0.942715 0.924142 0.678099 0.991107 0.500000 
0.500000 0.500000 0.149009 0.794163 0.942715 0.924142 0.678099 0.991107 0.500000 
0.500000 0.500000 0.149009 0.794163 0.942715 0.924142 0.678099 0.991107 0.500000 
0.993307 0.500000 0.149009 0.794163 0.942715 0.924142 0.678099 0.991107 0.500000 
0.500000 0.500000 0.475511 0.794163 0.942715 0.924142 0.678099 0.991107 0.500000 
0.500000 0.500000 0.149030 0.918323 0.777272 0.924142 0.915100 0.991107 0.500000 
0.500000 0.500000 0.269355 0.794174 0.960795 0.924142 0.678121 0.979893 0.500000 
0.500000 0.500000 0.138993 0.851250 0.903183 0.924142 0.793602 0.991870 0.500000 
0.500000 0.500000 0.173001 0.788748 0.954039 0.924142 0.667070 0.989185 0.500000 
0.500000 0.500000 0.142665 0.806714 0.935296 0.924142 0.703705 0.991593 0.500000 
0.500000 0.500000 0.153292 0.790745 0.946414 0.924142 0.671135 0.990774 0.500000 
0.500000 0.500000 0.146911 0.796447 0.941016 0.924142 0.682755 0.991269 0.500000 
0.500000 0.500000 0.149981 0.793037 0.943640 0.924142 0.675804 0.991032 0.500000 
0.500000 0.500000 0.148482 0.794683 0.942271 0.924142 0.679158 0.991148 0.500000 
0.500000 0.500000 0.149263 0.793881 0.942939 0.924142 0.677523 0.991088 0.500000 
0.500000 0.500000 0.148882 0.794299 0.942601 0.924142 0.678375 0.991117 0.500000 
0.500000 0.500000 0.149074 0.794095 0.942771 0.924142 0.677959 0.991102 0.500000 
0.500000 0.500000 0.148977 0.794198 0.942686 0.924142 0.678169 0.991110 0.500000 
0.500000 0.500000 0.149026 0.794146 0.942729 0.924142 0.678064 0.991106 0.500000 
0.500000 0.500000 0.149001 0.794172 0.942708 0.924142 0.678116 0.991108 0.500000 
0.500000 0.500000 0.149014 0.794159 0.942718 0.924142 0.678090 0.991107 0.500000 
0.500000 0.500000 0.149007 0.794165 0.942713 0.924142 0.678103 0.991107 0.500000 
0.500000 0.500000 0.149010 0.794162 0.942716 0.924142 0.678096 0.991107 0.500000 
0.500000 0.500000 0.149009 0.794164 0.942714 0.924142 0.678100 0.991107 0.500000 
0.500000 0.500000 0.149010 0.794163 0.942715 0.924142 0.678098 0.991107 0.500000 
0.500000 0.500000 0.149009 0.794163 0.942715 0.924142 0.678099 0.991107 0.500000 
0.500000 0.500000 0.149010 0.794163 0.942715 0.924142 0.678098 0.991107 0.500000 
0.500000 0.500000 0.149009 0.794163 0.942715 0.924142 0.678099 0.991107 0.500000 
0.500000 0.500000 0.149009 0.794163 0.942715 0.924142 0.678099 0.991107 0.500000 
0.500000 0.500000 0.149009 0.794163 0.942715 0.924142 0.678099 0.991107 0.500000 
0.993307 0.500000 0.149009 0.794163 0.942715 0.924142 0.678099 0.991107 0.500000 
0.500000 0.500000 0.475511 0.794163 0.942715 0.924142 0.678099 0.991107 0.500000 
0.500000 0.500000 0.149030 0.918323 0.777272 0.924142 0.915100 0.991107 0.500000 
0.500000 0.500000 0.269355 0.794174 0.960795 0.924142 0.678121 0.979893 0.500000 
0.500000 0.500000 0.138993 0.851250 0.903183 0.924142 0.793602 0.991870 0.500000 
0.500000 0.500000 0.173001 0.788748 0.954039 0.924142 0.667070 0.989185 0.500000 
0.500000 0.500000 0.142665 0.806714 0.935296 0.924142 0.703705 0.991593 0.500000 
0.500000 0.500000 0.153292 0.790745 0.946414 0.924142 0.671135 0.990774 0.500000 
0.500000 0.500000 0.146911 0.796447 0.941016 0.924142 0.682755 0.991269 0.500000 
0.500000 0.500000 0.149981 0.793037 0.943640 0.924142 0.675804 0.991032 0.500000 
0.500000 0.500000 0.148482 0.794683 0.942271 0.924142 0.679158 0.991148 0.500000 
0.500000 0.500000 0.149263 0.793881 0.942939 0.924142 0.677523 0.991088 0.500000 
0.500000 0.500000 0.148882 0.794299 0.942601 0.924142 0.678375 0.991117 0.500000 
0.500000 0.500000 0.149074 0.794095 0.942771 0.924142 0.677959 0.991102 0.500000 
0.500000 0.500000 0.148977 0.794198 0.942686 0.924142 0.678169 0.991110 0.500000 
0.500000 0.500000 0.149026 0.794146 0.942729 0.924142 0.678064 0.991106 0.500000 
0.500000 0.500000 0.149001 0.794172 0.942708 0.924142 0.678116 0.991108 0.500000 
0.500000 0.500000 0.149014 0.794159 0.942718 0.924142 0.678090 0.991107 0.500000 
0.500000 0.500000 0.149007 0.794165 0.942713 0.924142 0.678103 0.991107 0.500000 
0.500000 0.500000 0.149010 0.794162 0.942716 0.924142 0.678096 0.991107 0.500000 
0.500000 0.500000 0.149009 0.794164 0.942714 0.924142 0.678100 0.991107 0.500000 
0.500000 0.500000 0.149010 0.794163 0.942715 0.924142 0.678098 0.991107 0.500000 
0.500000 0.500000 0.149009 0.794163 0.942715 0.924142 0.678099 0.991107 0.500000 
0.500000 0.500000 0.149010 0.794163 0.942715 0.924142 0.678098 0.991107 0.500000 
0.500000 0.500000 0.149009 0.794163 0.942715 0.924142 0.678099 0.991107 0.500000 
0.500000 0.500000 0.149009 0.794163 0.942715 0.924142 0.678099 0.991107 0.500000 
0.500000 0.500000 0.149009 0.794163 0.942715 0.924142 0.678099 0.991107 0.500000 
