0.500000 0.500000 0.500000 0.500000 0.500000 0.500000 0.500000 0.500000 0.500000 
0.500000 0.500000 0.531209 0.924142 0.562177 0.924142 0.924142 0.924142 0.500000 
0.500000 0.500000 0.457828 0.990051 0.711940 0.924142 0.934383 0.943261 0.500000 
0.500000 0.500000 0.292472 0.997635 0.795537 0.924142 0.907974 0.972340 0.500000 
0.500000 0.500000 0.216254 0.998732 0.892540 0.924142 0.811894 0.981615 0.500000 
0.500000 0.500000 0.147739 0.999016 0.921435 0.924142 0.746734 0.988600 0.500000 
0.500000 0.500000 0.130751 0.998999 0.941080 0.924142 0.676711 0.990119 0.500000 
0.500000 0.500000 0.120355 0.998929 0.945178 0.924142 0.657856 0.991035 0.500000 
0.500000 0.500000 0.118211 0.998831 0.947545 0.924142 0.646062 0.991215 0.500000 
0.500000 0.500000 0.117022 0.998737 0.948014 0.924142 0.643607 0.991318 0.500000 
0.500000 0.500000 0.116781 0.998651 0.948268 0.924142 0.642243 0.991338 0.500000 
0.500000 0.500000 0.116654 0.998578 0.948313 0.924142 0.641965 0.991349 0.500000 
0.500000 0.500000 0.116630 0.998515 0.948335 0.924142 0.641819 0.991351 0.500000 
0.500000 0.500000 0.116620 0.998463 0.948334 0.924142 0.641792 0.991351 0.500000 
0.500000 0.500000 0.116620 0.998420 0.948332 0.924142 0.641780 0.991351 0.500000 
0.500000 0.500000 0.116621 0.998385 0.948328 0.924142 0.641780 0.991351 0.500000 
0.500000 0.500000 0.116623 0.998356 0.948324 0.924142 0.641782 0.991351 0.500000 
0.500000 0.500000 0.116625 0.998333 0.948321 0.924142 0.641784 0.991351 0.500000 
0.500000 0.500000 0.116626 0.998314 0.948319 0.924142 0.641786 0.991351 0.500000 
0.500000 0.500000 0.116628 0.998299 0.948316 0.924142 0.641788 0.991351 0.500000 
0.500000 0.500000 0.116629 0.998287 0.948315 0.924142 0.641789 0.991351 0.500000 
0.500000 0.500000 0.116629 0.998277 0.948313 0.924142 0.641790 0.991351 0.500000 
0.500000 0.500000 0.116630 0.998269 0.948312 0.924142 0.641791 0.991351 0.500000 
0.500000 0.500000 0.116631 0.998262 0.948311 0.924142 0.641792 0.991350 0.500000 
0.500000 0.500000 0.116631 0.998257 0.948311 0.924142 0.641793 0.991350 0.500000 
0.500000 0.500000 0.116631 0.998253 0.948310 0.924142 0.641793 0.991350 0.500000 
0.500000 0.500000 0.116632 0.998250 0.948310 0.924142 0.641794 0.991350 0.500000 
0.500000 0.500000 0.116632 0.998247 0.948309 0.924142 0.641794 0.991350 0.500000 
0.500000 0.500000 0.116632 0.998245 0.948309 0.924142 0.641794 0.991350 0.500000 
0.500000 0.500000 0.116632 0.998243 0.948309 0.924142 0.641794 0.991350 0.500000 
0.500000 0.500000 0.116632 0.998242 0.948309 0.924142 0.641795 0.991350 0.500000 
0.500000 0.500000 0.116632 0.998241 0.948309 0.924142 0.641795 0.991350 0.500000 
0.500000 0.500000 0.116633 0.998240 0.948308 0.924142 0.641795 0.991350 0.500000 
0.500000 0.500000 0.116633 0.998239 0.948308 0.924142 0.641795 0.991350 0.500000 
0.500000 0.500000 0.116633 0.998239 0.948308 0.924142 0.641795 0.991350 0.500000 
0.500000 0.500000 0.116633 0.998238 0.948308 0.924142 0.641795 0.991350 0.500000 
0.500000 0.500000 0.116633 0.998238 0.948308 0.924142 0.641795 0.991350 0.500000 
0.500000 0.500000 0.116633 0.998238 0.948308 0.924142 0.641795 0.991350 0.500000 
0.500000 0.500000 0.116633 0.998237 0.948308 0.924142 0.641795 0.991350 0.500000 
0.500000 0.500000 0.116633 0.998237 0.948308 0.924142 0.641795 0.991350 0.500000 
0.500000 0.500000 0.116633 0.998237 0.948308 0.924142 0.641795 0.991350 0.500000 
0.500000 0.500000 0.116633 0.998237 0.948308 0.924142 0.641795 0.991350 0.500000 
0.500000 0.500000 0.116633 0.998237 0.948308 0.924142 0.641795 0.991350 0.500000 
0.500000 0.500000 0.116633 0.998237 0.948308 0.924142 0.641795 0.991350 0.500000 
0.500000 0.500000 0.116633 0.998237 0.948308 0.924142 0.641795 0.991350 0.500000 
0.500000 0.500000 0.116633 0.998237 0.948308 0.924142 0.641795 0.991350 0.500000 
0.500000 0.500000 0.116633 0.998237 0.948308 0.924142 0.641795 0.991350 0.500000 
0.500000 0.500000 0.116633 0.998237 0.948308 0.924142 0.641795 0.991350 0.500000 
0.500000 0.500000 0.116633 0.998237 0.948308 0.924142 0.641795 0.991350 0.500000 
0.500000 0.500000 0.116633 0.998237 0.948308 0.924142 0.641795 0.991350 0.500000 
