0.500000 0.500000 0.500000 0.500000 0.500000 0.500000 0.500000 0.500000 0.500000 
0.500000 0.500000 0.500000 0.924142 0.500000 0.924142 0.924142 0.924142 0.500000 
0.500000 0.500000 0.500000 0.925876 0.510394 0.924142 0.924142 0.924142 0.500000 
0.500000 0.500000 0.487010 0.925893 0.510541 0.924142 0.924142 0.927706 0.500000 
0.500000 0.500000 0.473856 0.925147 0.526756 0.924142 0.919461 0.927755 0.500000 
0.500000 0.500000 0.440668 0.924377 0.543260 0.924142 0.914454 0.933004 0.500000 
0.500000 0.500000 0.388231 0.922413 0.584191 0.924142 0.900549 0.937982 0.500000 
0.500000 0.500000 0.294069 0.919207 0.646492 0.924142 0.874479 0.948873 0.500000 
0.500000 0.500000 0.166843 0.913149 0.745886 0.924142 0.813110 0.962038 0.500000 
0.500000 0.500000 0.055326 0.904296 0.847749 0.924142 0.697246 0.976556 0.500000 
0.500000 0.500000 0.010188 0.895846 0.907222 0.924142 0.568720 0.985779 0.500000 
0.500000 0.500000 0.001342 0.892193 0.924887 0.924142 0.512732 0.989399 0.500000 
0.500000 0.500000 0.000161 0.891445 0.928032 0.924142 0.501677 0.990286 0.500000 
0.500000 0.500000 0.000019 0.891342 0.928452 0.924142 0.500201 0.990436 0.500000 
0.500000 0.500000 0.000002 0.891330 0.928502 0.924142 0.500024 0.990456 0.500000 
0.500000 0.500000 0.000000 0.891328 0.928508 0.924142 0.500003 0.990458 0.500000 
0.500000 0.500000 0.000000 0.891328 0.928509 0.924142 0.500000 0.990459 0.500000 
0.500000 0.500000 0.000000 0.891328 0.928509 0.924142 0.500000 0.990459 0.500000 
0.500000 0.500000 0.000000 0.891328 0.928509 0.924142 0.500000 0.990459 0.500000 
0.500000 0.500000 0.000000 0.891328 0.928509 0.924142 0.500000 0.990459 0.500000 
0.500000 0.500000 0.000000 0.891328 0.928509 0.924142 0.500000 0.990459 0.500000 
0.500000 0.500000 0.000000 0.891328 0.928509 0.924142 0.500000 0.990459 0.500000 
0.500000 0.500000 0.000000 0.891328 0.928509 0.924142 0.500000 0.990459 0.500000 
0.500000 0.500000 0.000000 0.891328 0.928509 0.924142 0.500000 0.990459 0.500000 
0.500000 0.500000 0.000000 0.891328 0.928509 0.924142 0.500000 0.990459 0.500000 
0.500000 0.500000 0.000000 0.891328 0.928509 0.924142 0.500000 0.990459 0.500000 
0.500000 0.500000 0.000000 0.891328 0.928509 0.924142 0.500000 0.990459 0.500000 
0.500000 0.500000 0.000000 0.891328 0.928509 0.924142 0.500000 0.990459 0.500000 
0.500000 0.500000 0.000000 0.891328 0.928509 0.924142 0.500000 0.990459 0.500000 
0.500000 0.500000 0.000000 0.891328 0.928509 0.924142 0.500000 0.990459 0.500000 
0.500000 0.500000 0.000000 0.891328 0.928509 0.924142 0.500000 0.990459 0.500000 
0.500000 0.500000 0.000000 0.891328 0.928509 0.924142 0.500000 0.990459 0.500000 
0.500000 0.500000 0.000000 0.891328 0.928509 0.924142 0.500000 0.990459 0.500000 
0.500000 0.500000 0.000000 0.891328 0.928509 0.924142 0.500000 0.990459 0.500000 
0.500000 0.500000 0.000000 0.891328 0.928509 0.924142 0.500000 0.990459 0.500000 
0.500000 0.500000 0.000000 0.891328 0.928509 0.924142 0.500000 0.990459 0.500000 
0.500000 0.500000 0.000000 0.891328 0.928509 0.924142 0.500000 0.990459 0.500000 
0.500000 0.500000 0.000000 0.891328 0.928509 0.924142 0.500000 0.990459 0.500000 
0.500000 0.500000 0.000000 0.891328 0.928509 0.924142 0.500000 0.990459 0.500000 
0.500000 0.500000 0.000000 0.891328 0.928509 0.924142 0.500000 0.990459 0.500000 
0.500000 0.500000 0.000000 0.891328 0.928509 0.924142 0.500000 0.990459 0.500000 
0.500000 0.500000 0.000000 0.891328 0.928509 0.924142 0.500000 0.990459 0.500000 
0.500000 0.500000 0.000000 0.891328 0.928509 0.924142 0.500000 0.990459 0.500000 
0.500000 0.500000 0.000000 0.891328 0.928509 0.924142 0.500000 0.990459 0.500000 
0.500000 0.500000 0.000000 0.891328 0.928509 0.924142 0.500000 0.990459 0.500000 
0.500000 0.500000 0.000000 0.891328 0.928509 0.924142 0.500000 0.990459 0.500000 
0.500000 0.500000 0.000000 0.891328 0.928509 0.924142 0.500000 0.990459 0.500000 
0.500000 0.500000 0.000000 0.891328 0.928509 0.924142 0.500000 0.990459 0.500000 
0.500000 0.500000 0.000000 0.891328 0.928509 0.924142 0.500000 0.990459 0.500000 
0.500000 0.500000 0.000000 0.891328 0.928509 0.924142 0.500000 0.990459 0.500000 
