0.993307 0.500000 0.500000 0.500000 0.500000 0.500000 0.500000 0.500000 0.500000 
0.500000 0.500000 0.974528 0.924142 0.562177 0.924142 0.924142 0.924142 0.500000 
0.500000 0.500000 0.909064 0.998536 0.372955 0.924142 0.992405 0.943261 0.500000 
0.500000 0.500000 0.913510 0.999968 0.501614 0.924142 0.989495 0.865852 0.500000 
0.500000 0.500000 0.903271 0.999999 0.499077 0.924142 0.989723 0.924705 0.500000 
0.500000 0.500000 0.902414 1.000000 0.510594 0.924142 0.989189 0.923818 0.500000 
0.500000 0.500000 0.901308 1.000000 0.511674 0.924142 0.989143 0.927773 0.500000 
0.500000 0.500000 0.901100 1.000000 0.512928 0.924142 0.989084 0.928134 0.500000 
0.500000 0.500000 0.900968 1.000000 0.513174 0.924142 0.989073 0.928551 0.500000 
0.500000 0.500000 0.900932 1.000000 0.513326 0.924142 0.989066 0.928633 0.500000 
0.500000 0.500000 0.900915 1.000000 0.513367 0.924142 0.989064 0.928683 0.500000 
0.500000 0.500000 0.900910 1.000000 0.513386 0.924142 0.989063 0.928696 0.500000 
0.500000 0.500000 0.900908 1.000000 0.513393 0.924142 0.989062 0.928703 0.500000 
0.500000 0.500000 0.900907 1.000000 0.513395 0.924142 0.989062 0.928705 0.500000 
0.500000 0.500000 0.900907 1.000000 0.513396 0.924142 0.989062 0.928706 0.500000 
0.500000 0.500000 0.900907 1.000000 0.513397 0.924142 0.989062 0.928706 0.500000 
0.500000 0.500000 0.900906 1.000000 0.513397 0.924142 0.989062 0.928706 0.500000 
0.500000 0.500000 0.900906 1.000000 0.513397 0.924142 0.989062 0.928706 0.500000 
0.500000 0.500000 0.900906 1.000000 0.513397 0.924142 0.989062 0.928706 0.500000 
0.500000 0.500000 0.900906 1.000000 0.513397 0.924142 0.989062 0.928706 0.500000 
0.500000 0.500000 0.900906 1.000000 0.513397 0.924142 0.989062 0.928706 0.500000 
0.500000 0.500000 0.900906 1.000000 0.513397 0.924142 0.989062 0.928706 0.500000 
0.500000 0.500000 0.900906 1.000000 0.513397 0.924142 0.989062 0.928706 0.500000 
0.924142 0.500000 0.900906 1.000000 0.513397 0.924142 0.989062 0.928706 0.500000 
0.500000 0.500000 0.973945 1.000000 0.513397 0.924142 0.989062 0.928706 0.500000 
0.500000 0.500000 0.912832 1.000000 0.431662 0.924142 0.992383 0.928706 0.500000 
0.500000 0.500000 0.909143 1.000000 0.499162 0.924142 0.989689 0.896443 0.500000 
0.500000 0.500000 0.903013 1.000000 0.503992 0.924142 0.989499 0.923847 0.500000 
0.500000 0.500000 0.901954 1.000000 0.510934 0.924142 0.989176 0.925529 0.500000 
0.500000 0.500000 0.901231 1.000000 0.512195 0.924142 0.989119 0.927887 0.500000 
0.500000 0.500000 0.901046 1.000000 0.513020 0.924142 0.989080 0.928307 0.500000 
0.500000 0.500000 0.900954 1.000000 0.513236 0.924142 0.989070 0.928581 0.500000 
0.500000 0.500000 0.900926 1.000000 0.513342 0.924142 0.989065 0.928653 0.500000 
0.500000 0.500000 0.900913 1.000000 0.513375 0.924142 0.989063 0.928688 0.500000 
0.500000 0.500000 0.900909 1.000000 0.513389 0.924142 0.989063 0.928699 0.500000 
0.500000 0.500000 0.900907 1.000000 0.513394 0.924142 0.989062 0.928704 0.500000 
0.500000 0.500000 0.900907 1.000000 0.513396 0.924142 0.989062 0.928705 0.500000 
0.500000 0.500000 0.900907 1.000000 0.513396 0.924142 0.989062 0.928706 0.500000 
0.500000 0.500000 0.900906 1.000000 0.513397 0.924142 0.989062 0.928706 0.500000 
0.500000 0.500000 0.900906 1.000000 0.513397 0.924142 0.989062 0.928706 0.500000 
0.500000 0.500000 0.900906 1.000000 0.513397 0.924142 0.989062 0.928706 0.500000 
0.500000 0.500000 0.900906 1.000000 0.513397 0.924142 0.989062 0.928706 0.500000 
0.500000 0.500000 0.900906 1.000000 0.513397 0.924142 0.989062 0.928706 0.500000 
0.500000 0.500000 0.900906 1.000000 0.513397 0.924142 0.989062 0.928706 0.500000 
0.500000 0.500000 0.900906 1.000000 0.513397 0.924142 0.989062 0.928706 0.500000 
0.500000 0.500000 0.900906 1.000000 0.513397 0.924142 0.989062 0.928706 0.500000 
0.500000 0.500000 0.900906 1.000000 0.513397 0.924142 0.989062 0.928706 0.500000 
0.500000 0.500000 0.900906 1.000000 0.513397 0.924142 0.989062 0.928706 0.500000 
0.500000 0.500000 0.900906 1.000000 0.513397 0.924142 0.989062 0.928706 0.500000 
0.500000 0.500000 0.900906 1.000000 0.513397 0.924142 0.989062 0.928706 0.500000 
0.993307 0.500000 0.900906 1.000000 0.513397 0.924142 0.989062 0.928706 0.500000 
0.500000 0.500000 0.979198 1.000000 0.513397 0.924142 0.989062 0.928706 0.500000 
0.500000 0.500000 0.914649 1.000000 0.425872 0.924142 0.992579 0.928706 0.500000 
0.500000 0.500000 0.909809 1.000000 0.497058 0.924142 0.989781 0.893724 0.500000 
0.500000 0.500000 0.903268 1.000000 0.503221 0.924142 0.989533 0.923104 0.500000 
0.500000 0.500000 0.902048 1.000000 0.510640 0.924142 0.989189 0.925263 0.500000 
0.500000 0.500000 0.901267 1.000000 0.512086 0.924142 0.989124 0.927788 0.500000 
0.500000 0.500000 0.901059 1.000000 0.512979 0.924142 0.989082 0.928271 0.500000 
0.500000 0.500000 0.900959 1.000000 0.513221 0.924142 0.989070 0.928568 0.500000 
0.500000 0.500000 0.900927 1.000000 0.513336 0.924142 0.989065 0.928648 0.500000 
0.500000 0.500000 0.900914 1.000000 0.513373 0.924142 0.989063 0.928686 0.500000 
0.500000 0.500000 0.900909 1.000000 0.513388 0.924142 0.989063 0.928698 0.500000 
0.500000 0.500000 0.900908 1.000000 0.513393 0.924142 0.989062 0.928703 0.500000 
0.500000 0.500000 0.900907 1.000000 0.513396 0.924142 0.989062 0.928705 0.500000 
0.500000 0.500000 0.900907 1.000000 0.513396 0.924142 0.989062 0.928706 0.500000 
0.500000 0.500000 0.900906 1.000000 0.513397 0.924142 0.989062 0.928706 0.500000 
0.500000 0.500000 0.900906 1.000000 0.513397 0.924142 0.989062 0.928706 0.500000 
0.500000 0.500000 0.900906 1.000000 0.513397 0.924142 0.989062 0.928706 0.500000 
0.500000 0.500000 0.900906 1.000000 0.513397 0.924142 0.989062 0.928706 0.500000 
0.500000 0.500000 0.900906 1.000000 0.513397 0.924142 0.989062 0.928706 0.500000 
0.500000 0.500000 0.900906 1.000000 0.513397 0.924142 0.989062 0.928706 0.500000 
0.500000 0.500000 0.900906 1.000000 0.513397 0.924142 0.989062 0.928706 0.500000 
0.500000 0.500000 0.900906 1.000000 0.513397 0.924142 0.989062 0.928706 0.500000 
0.500000 0.500000 0.900906 1.000000 0.513397 0.924142 0.989062 0.928706 0.500000 
0.500000 0.500000 0.900906 1.000000 0.513397 0.924142 0.989062 0.928706 0.500000 
0.500000 0.500000 0.900906 1.000000 0.513397 0.924142 0.989062 0.928706 0.500000 
0.500000 0.500000 0.900906 1.000000 0.513397 0.924142 0.989062 0.928706 0.500000 
0.924142 0.500000 0.900906 1.000000 0.513397 0.924142 0.989062 0.928706 0.500000 
0.500000 0.500000 0.973945 1.000000 0.513397 0.924142 0.989062 0.928706 0.500000 
0.500000 0.500000 0.912832 1.000000 0.431662 0.924142 0.992383 0.928706 0.500000 
0.500000 0.500000 0.909143 1.000000 0.499162 0.924142 0.989689 0.896443 0.500000 
0.500000 0.500000 0.903013 1.000000 0.503992 0.924142 0.989499 0.923847 0.500000 
0.500000 0.500000 0.901954 1.000000 0.510934 0.924142 0.989176 0.925529 0.500000 
0.500000 0.500000 0.901231 1.000000 0.512195 0.924142 0.989119 0.927887 0.500000 
0.500000 0.500000 0.901046 1.000000 0.513020 0.924142 0.989080 0.928307 0.500000 
0.500000 0.500000 0.900954 1.000000 0.513236 0.924142 0.989070 0.928581 0.500000 
0.500000 0.500000 0.900926 1.000000 0.513342 0.924142 0.989065 0.928653 0.500000 
0.500000 0.500000 0.900913 1.000000 0.513375 0.924142 0.989063 0.928688 0.500000 
0.500000 0.500000 0.900909 1.000000 0.513389 0.924142 0.989063 0.928699 0.500000 
0.500000 0.500000 0.900907 1.000000 0.513394 0.924142 0.989062 0.928704 0.500000 
0.500000 0.500000 0.900907 1.000000 0.513396 0.924142 0.989062 0.928705 0.500000 
0.500000 0.500000 0.900907 1.000000 0.513396 0.924142 0.989062 0.928706 0.500000 
0.500000 0.500000 0.900906 1.000000 0.513397 0.924142 0.989062 0.928706 0.500000 
0.500000 0.500000 0.900906 1.000000 0.513397 0.924142 0.989062 0.928706 0.500000 
0.500000 0.500000 0.900906 1.000000 0.513397 0.924142 0.989062 0.928706 0.500000 
0.500000 0.500000 0.900906 1.000000 0.513397 0.924142 0.989062 0.928706 0.500000 
0.500000 0.500000 0.900906 1.000000 0.513397 0.924142 0.989062 0.928706 0.500000 
0.500000 0.500000 0.900906 1.000000 0.513397 0.924142 0.989062 0.928706 0.500000 
0.500000 0.500000 0.900906 1.000000 0.513397 0.924142 0.989062 0.928706 0.500000 
0.500000 0.500000 0.900906 1.000000 0.513397 0.924142 0.989062 0.928706 0.500000 
0.500000 0.500000 0.900906 1.000000 0.513397 0.924142 0.989062 0.928706 0.500000 
0.500000 0.500000 0.900906 1.000000 0.513397 0.924142 0.989062 0.928706 0.500000 
0.500000 0.500000 0.900906 1.000000 0.513397 0.924142 0.989062 0.928706 0.500000 
0.500000 0.500000 0.900906 1.000000 0.513397 0.924142 0.989062 0.928706 0.500000 
