0.500000 0.500000 0.500000 0.500000 0.500000 0.500000 0.500000 0.500000 0.500000 
0.500000 0.500000 0.562177 0.924142 0.531209 0.924142 0.924142 0.924142 0.500000 
0.500000 0.500000 0.527368 0.992992 0.776376 0.924142 0.943261 0.934383 0.500000 
0.500000 0.500000 0.270186 0.999132 0.838986 0.924142 0.933195 0.979804 0.500000 
0.500000 0.500000 0.218311 0.999694 0.947690 0.924142 0.794281 0.985152 0.500000 
0.500000 0.500000 0.146199 0.999858 0.959206 0.924142 0.748675 0.991324 0.500000 
0.500000 0.500000 0.139842 0.999910 0.970781 0.924142 0.675023 0.991805 0.500000 
0.500000 0.500000 0.133693 0.999939 0.971725 0.924142 0.668012 0.992262 0.500000 
0.500000 0.500000 0.133201 0.999956 0.972528 0.924142 0.661159 0.992299 0.500000 
0.500000 0.500000 0.132784 0.999967 0.972600 0.924142 0.660608 0.992329 0.500000 
0.500000 0.500000 0.132747 0.999975 0.972654 0.924142 0.660140 0.992332 0.500000 
0.500000 0.500000 0.132719 0.999980 0.972660 0.924142 0.660099 0.992334 0.500000 
0.500000 0.500000 0.132716 0.999984 0.972664 0.924142 0.660067 0.992334 0.500000 
0.500000 0.500000 0.132713 0.999987 0.972665 0.924142 0.660064 0.992334 0.500000 
0.500000 0.500000 0.132713 0.999989 0.972666 0.924142 0.660061 0.992334 0.500000 
0.500000 0.500000 0.132713 0.999991 0.972666 0.924142 0.660061 0.992334 0.500000 
0.500000 0.500000 0.132713 0.999992 0.972666 0.924142 0.660060 0.992334 0.500000 
0.500000 0.500000 0.132713 0.999993 0.972666 0.924142 0.660060 0.992334 0.500000 
0.500000 0.500000 0.132712 0.999994 0.972666 0.924142 0.660060 0.992335 0.500000 
0.500000 0.500000 0.132712 0.999994 0.972666 0.924142 0.660060 0.992335 0.500000 
0.500000 0.500000 0.132712 0.999995 0.972666 0.924142 0.660060 0.992335 0.500000 
0.500000 0.500000 0.132712 0.999995 0.972667 0.924142 0.660060 0.992335 0.500000 
0.500000 0.500000 0.132712 0.999995 0.972667 0.924142 0.660060 0.992335 0.500000 
0.500000 0.500000 0.132712 0.999996 0.972667 0.924142 0.660060 0.992335 0.500000 
0.500000 0.500000 0.132712 0.999996 0.972667 0.924142 0.660060 0.992335 0.500000 
0.500000 0.500000 0.132712 0.999996 0.972667 0.924142 0.660060 0.992335 0.500000 
0.500000 0.500000 0.132712 0.999996 0.972667 0.924142 0.660060 0.992335 0.500000 
0.500000 0.500000 0.132712 0.999997 0.972667 0.924142 0.660060 0.992335 0.500000 
0.500000 0.500000 0.132712 0.999997 0.972667 0.924142 0.660060 0.992335 0.500000 
0.500000 0.500000 0.132712 0.999997 0.972667 0.924142 0.660060 0.992335 0.500000 
0.500000 0.500000 0.132712 0.999997 0.972667 0.924142 0.660060 0.992335 0.500000 
0.500000 0.500000 0.132712 0.999997 0.972667 0.924142 0.660060 0.992335 0.500000 
0.500000 0.500000 0.132712 0.999997 0.972667 0.924142 0.660060 0.992335 0.500000 
0.500000 0.500000 0.132712 0.999997 0.972667 0.924142 0.660060 0.992335 0.500000 
0.500000 0.500000 0.132712 0.999997 0.972667 0.924142 0.660060 0.992335 0.500000 
0.500000 0.500000 0.132712 0.999997 0.972667 0.924142 0.660060 0.992335 0.500000 
0.500000 0.500000 0.132712 0.999997 0.972667 0.924142 0.660060 0.992335 0.500000 
0.500000 0.500000 0.132712 0.999997 0.972667 0.924142 0.660060 0.992335 0.500000 
0.500000 0.500000 0.132712 0.999997 0.972667 0.924142 0.660060 0.992335 0.500000 
0.500000 0.500000 0.132712 0.999997 0.972667 0.924142 0.660060 0.992335 0.500000 
0.500000 0.500000 0.132712 0.999997 0.972667 0.924142 0.660060 0.992335 0.500000 
0.500000 0.500000 0.132712 0.999997 0.972667 0.924142 0.660060 0.992335 0.500000 
0.500000 0.500000 0.132712 0.999997 0.972667 0.924142 0.660060 0.992335 0.500000 
0.500000 0.500000 0.132712 0.999997 0.972667 0.924142 0.660060 0.992335 0.500000 
0.500000 0.500000 0.132712 0.999998 0.972667 0.924142 0.660060 0.992335 0.500000 
0.500000 0.500000 0.132712 0.999998 0.972667 0.924142 0.660060 0.992335 0.500000 
0.500000 0.500000 0.132712 0.999998 0.972667 0.924142 0.660060 0.992335 0.500000 
0.500000 0.500000 0.132712 0.999998 0.972667 0.924142 0.660060 0.992335 0.500000 
0.500000 0.500000 0.132712 0.999998 0.972667 0.924142 0.660060 0.992335 0.500000 
0.500000 0.500000 0.132712 0.999998 0.972667 0.924142 0.660060 0.992335 0.500000 
