0.500000 0.500000 0.500000 0.500000 0.500000 0.500000 0.500000 0.500000 0.500000 
0.500000 0.500000 0.500000 0.924142 0.500000 0.924142 0.924142 0.924142 0.500000 
0.500000 0.500000 0.500000 0.982014 0.742758 0.924142 0.924142 0.924142 0.500000 
0.500000 0.500000 0.229031 0.992608 0.771295 0.924142 0.924142 0.976196 0.500000 
0.500000 0.500000 0.071077 0.989738 0.930766 0.924142 0.758625 0.979295 0.500000 
0.500000 0.500000 0.008801 0.979422 0.967546 0.924142 0.587922 0.990565 0.500000 
0.500000 0.500000 0.000856 0.962268 0.975601 0.924142 0.510999 0.992137 0.500000 
0.500000 0.500000 0.000079 0.944741 0.975595 0.924142 0.501071 0.992445 0.500000 
0.500000 0.500000 0.000007 0.930632 0.974626 0.924142 0.500099 0.992445 0.500000 
0.500000 0.500000 0.000001 0.920616 0.973738 0.924142 0.500009 0.992409 0.500000 
0.500000 0.500000 0.000000 0.913986 0.973082 0.924142 0.500001 0.992375 0.500000 
0.500000 0.500000 0.000000 0.909771 0.972638 0.924142 0.500000 0.992350 0.500000 
0.500000 0.500000 0.000000 0.907153 0.972351 0.924142 0.500000 0.992333 0.500000 
0.500000 0.500000 0.000000 0.905550 0.972172 0.924142 0.500000 0.992323 0.500000 
0.500000 0.500000 0.000000 0.904576 0.972061 0.924142 0.500000 0.992316 0.500000 
0.500000 0.500000 0.000000 0.903988 0.971994 0.924142 0.500000 0.992311 0.500000 
0.500000 0.500000 0.000000 0.903633 0.971953 0.924142 0.500000 0.992309 0.500000 
0.500000 0.500000 0.000000 0.903420 0.971929 0.924142 0.500000 0.992307 0.500000 
0.500000 0.500000 0.000000 0.903292 0.971914 0.924142 0.500000 0.992306 0.500000 
0.500000 0.500000 0.000000 0.903215 0.971905 0.924142 0.500000 0.992306 0.500000 
0.500000 0.500000 0.000000 0.903168 0.971900 0.924142 0.500000 0.992306 0.500000 
0.500000 0.500000 0.000000 0.903141 0.971897 0.924142 0.500000 0.992305 0.500000 
0.500000 0.500000 0.000000 0.903124 0.971895 0.924142 0.500000 0.992305 0.500000 
0.500000 0.500000 0.000000 0.903114 0.971893 0.924142 0.500000 0.992305 0.500000 
0.500000 0.500000 0.000000 0.903108 0.971893 0.924142 0.500000 0.992305 0.500000 
0.500000 0.500000 0.000000 0.903104 0.971892 0.924142 0.500000 0.992305 0.500000 
0.500000 0.500000 0.000000 0.903102 0.971892 0.924142 0.500000 0.992305 0.500000 
0.500000 0.500000 0.000000 0.903101 0.971892 0.924142 0.500000 0.992305 0.500000 
0.500000 0.500000 0.000000 0.903100 0.971892 0.924142 0.500000 0.992305 0.500000 
0.500000 0.500000 0.000000 0.903100 0.971892 0.924142 0.500000 0.992305 0.500000 
0.500000 0.500000 0.000000 0.903099 0.971892 0.924142 0.500000 0.992305 0.500000 
0.500000 0.500000 0.000000 0.903099 0.971892 0.924142 0.500000 0.992305 0.500000 
0.500000 0.500000 0.000000 0.903099 0.971892 0.924142 0.500000 0.992305 0.500000 
0.500000 0.500000 0.000000 0.903099 0.971892 0.924142 0.500000 0.992305 0.500000 
0.500000 0.500000 0.000000 0.903099 0.971892 0.924142 0.500000 0.992305 0.500000 
0.500000 0.500000 0.000000 0.903099 0.971892 0.924142 0.500000 0.992305 0.500000 
0.500000 0.500000 0.000000 0.903099 0.971892 0.924142 0.500000 0.992305 0.500000 
0.500000 0.500000 0.000000 0.903099 0.971892 0.924142 0.500000 0.992305 0.500000 
0.500000 0.500000 0.000000 0.903099 0.971892 0.924142 0.500000 0.992305 0.500000 
0.500000 0.500000 0.000000 0.903099 0.971892 0.924142 0.500000 0.992305 0.500000 
0.500000 0.500000 0.000000 0.903099 0.971892 0.924142 0.500000 0.992305 0.500000 
0.500000 0.500000 0.000000 0.903099 0.971892 0.924142 0.500000 0.992305 0.500000 
0.500000 0.500000 0.000000 0.903099 0.971892 0.924142 0.500000 0.992305 0.500000 
0.500000 0.500000 0.000000 0.903099 0.971892 0.924142 0.500000 0.992305 0.500000 
0.500000 0.500000 0.000000 0.903099 0.971892 0.924142 0.500000 0.992305 0.500000 
0.500000 0.500000 0.000000 0.903099 0.971892 0.924142 0.500000 0.992305 0.500000 
0.500000 0.500000 0.000000 0.903099 0.971892 0.924142 0.500000 0.992305 0.500000 
0.500000 0.500000 0.000000 0.903099 0.971892 0.924142 0.500000 0.992305 0.500000 
0.500000 0.500000 0.000000 0.903099 0.971892 0.924142 0.500000 0.992305 0.500000 
0.500000 0.500000 0.000000 0.903099 0.971892 0.924142 0.500000 0.992305 0.500000 
