0.500000 0.924142 0.500000 0.500000 0.500000 0.500000 0.500000 0.500000 0.500000 
0.500000 0.924142 0.669716 0.961093 0.669716 0.990250 0.924142 0.924142 0.500000 
0.500000 0.924142 0.637660 0.999070 0.891117 0.990250 0.966058 0.966058 0.500000 
0.500000 0.924142 0.335490 0.999976 0.977782 0.990250 0.960392 0.988520 0.500000 
0.500000 0.924142 0.085844 0.999998 0.999071 0.990250 0.842567 0.992527 0.500000 
0.500000 0.777300 0.015460 1.000000 0.999989 0.990250 0.605688 0.993276 0.500000 
0.500000 0.777300 0.002042 1.000000 1.000000 0.979895 0.519315 0.993307 0.500000 
0.500000 0.777300 0.000267 1.000000 1.000000 0.979895 0.502553 0.993307 0.500000 
0.500000 0.777300 0.000035 1.000000 1.000000 0.979895 0.500333 0.993307 0.500000 
0.500000 0.777300 0.000005 1.000000 1.000000 0.979895 0.500043 0.993307 0.500000 
0.500000 0.977023 0.000001 1.000000 1.000000 0.979895 0.500006 0.993307 0.500000 
0.500000 0.977023 0.000000 1.000000 1.000000 0.992498 0.500001 0.993307 0.500000 
0.500000 0.977023 0.000000 1.000000 1.000000 0.992498 0.500000 0.993307 0.500000 
0.500000 0.977023 0.000000 1.000000 1.000000 0.992498 0.500000 0.993307 0.500000 
0.500000 0.977023 0.000000 1.000000 1.000000 0.992498 0.500000 0.993307 0.500000 
0.500000 0.993307 0.000000 1.000000 1.000000 0.992498 0.500000 0.993307 0.500000 
0.500000 0.993307 0.000000 1.000000 1.000000 0.993081 0.500000 0.993307 0.500000 
0.500000 0.993307 0.000000 1.000000 1.000000 0.993081 0.500000 0.993307 0.500000 
0.500000 0.993307 0.000000 1.000000 1.000000 0.993081 0.500000 0.993307 0.500000 
0.500000 0.993307 0.000000 1.000000 1.000000 0.993081 0.500000 0.993307 0.500000 
