0.500000 0.500000 0.500000 0.500000 0.500000 0.500000 0.500000 0.500000 0.500000 
0.500000 0.500000 0.754915 0.924142 0.718594 0.924142 0.924142 0.924142 0.500000 
0.500000 0.500000 0.838738 0.944665 0.545725 0.924142 0.977568 0.973220 0.500000 
0.500000 0.500000 0.933895 0.949028 0.480690 0.924142 0.985134 0.938695 0.500000 
0.500000 0.500000 0.978673 0.952925 0.407460 0.924142 0.990710 0.917090 0.500000 
0.500000 0.500000 0.994545 0.954752 0.374181 0.924142 0.992560 0.884658 0.500000 
0.500000 0.500000 0.998742 0.955408 0.362649 0.924142 0.993123 0.866563 0.500000 
0.500000 0.500000 0.999720 0.955589 0.359627 0.924142 0.993265 0.859754 0.500000 
0.500000 0.500000 0.999938 0.955633 0.358924 0.924142 0.993298 0.857922 0.500000 
0.500000 0.500000 0.999986 0.955643 0.358768 0.924142 0.993305 0.857493 0.500000 
0.500000 0.500000 0.999997 0.955645 0.358733 0.924142 0.993307 0.857397 0.500000 
0.500000 0.500000 0.999999 0.955645 0.358725 0.924142 0.993307 0.857376 0.500000 
0.500000 0.500000 1.000000 0.955646 0.358724 0.924142 0.993307 0.857371 0.500000 
0.500000 0.500000 1.000000 0.955646 0.358723 0.924142 0.993307 0.857370 0.500000 
0.500000 0.500000 1.000000 0.955646 0.358723 0.924142 0.993307 0.857370 0.500000 
0.500000 0.500000 1.000000 0.955646 0.358723 0.924142 0.993307 0.857370 0.500000 
0.500000 0.500000 1.000000 0.955646 0.358723 0.924142 0.993307 0.857370 0.500000 
0.500000 0.500000 1.000000 0.955646 0.358723 0.924142 0.993307 0.857370 0.500000 
0.500000 0.500000 1.000000 0.955646 0.358723 0.924142 0.993307 0.857370 0.500000 
0.500000 0.500000 1.000000 0.955646 0.358723 0.924142 0.993307 0.857370 0.500000 
0.500000 0.500000 1.000000 0.955646 0.358723 0.924142 0.993307 0.857370 0.500000 
0.500000 0.500000 1.000000 0.955646 0.358723 0.924142 0.993307 0.857370 0.500000 
0.500000 0.500000 1.000000 0.955646 0.358723 0.924142 0.993307 0.857370 0.500000 
0.500000 0.500000 1.000000 0.955646 0.358723 0.924142 0.993307 0.857370 0.500000 
0.500000 0.500000 1.000000 0.955646 0.358723 0.924142 0.993307 0.857370 0.500000 
0.500000 0.500000 1.000000 0.955646 0.358723 0.924142 0.993307 0.857370 0.500000 
0.500000 0.500000 1.000000 0.955646 0.358723 0.924142 0.993307 0.857370 0.500000 
0.500000 0.500000 1.000000 0.955646 0.358723 0.924142 0.993307 0.857370 0.500000 
0.500000 0.500000 1.000000 0.955646 0.358723 0.924142 0.993307 0.857370 0.500000 
0.500000 0.500000 1.000000 0.955646 0.358723 0.924142 0.993307 0.857370 0.500000 
0.500000 0.500000 1.000000 0.955646 0.358723 0.924142 0.993307 0.857370 0.500000 
0.500000 0.500000 1.000000 0.955646 0.358723 0.924142 0.993307 0.857370 0.500000 
0.500000 0.500000 1.000000 0.955646 0.358723 0.924142 0.993307 0.857370 0.500000 
0.500000 0.500000 1.000000 0.955646 0.358723 0.924142 0.993307 0.857370 0.500000 
0.500000 0.500000 1.000000 0.955646 0.358723 0.924142 0.993307 0.857370 0.500000 
0.500000 0.500000 1.000000 0.955646 0.358723 0.924142 0.993307 0.857370 0.500000 
0.500000 0.500000 1.000000 0.955646 0.358723 0.924142 0.993307 0.857370 0.500000 
0.500000 0.500000 1.000000 0.955646 0.358723 0.924142 0.993307 0.857370 0.500000 
0.500000 0.500000 1.000000 0.955646 0.358723 0.924142 0.993307 0.857370 0.500000 
0.500000 0.500000 1.000000 0.955646 0.358723 0.924142 0.993307 0.857370 0.500000 
0.500000 0.500000 1.000000 0.955646 0.358723 0.924142 0.993307 0.857370 0.500000 
0.500000 0.500000 1.000000 0.955646 0.358723 0.924142 0.993307 0.857370 0.500000 
0.500000 0.500000 1.000000 0.955646 0.358723 0.924142 0.993307 0.857370 0.500000 
0.500000 0.500000 1.000000 0.955646 0.358723 0.924142 0.993307 0.857370 0.500000 
0.500000 0.500000 1.000000 0.955646 0.358723 0.924142 0.993307 0.857370 0.500000 
0.500000 0.500000 1.000000 0.955646 0.358723 0.924142 0.993307 0.857370 0.500000 
0.500000 0.500000 1.000000 0.955646 0.358723 0.924142 0.993307 0.857370 0.500000 
0.500000 0.500000 1.000000 0.955646 0.358723 0.924142 0.993307 0.857370 0.500000 
0.500000 0.500000 1.000000 0.955646 0.358723 0.924142 0.993307 0.857370 0.500000 
0.500000 0.500000 1.000000 0.955646 0.358723 0.924142 0.993307 0.857370 0.500000 
