0.500000 0.500000 0.500000 0.500000 0.500000 0.500000 0.500000 0.500000 0.500000 
0.500000 0.500000 0.562177 0.924142 0.531209 0.924142 0.924142 0.924142 0.500000 
0.500000 0.500000 0.527985 0.937245 0.767273 0.924142 0.943261 0.934383 0.500000 
0.500000 0.500000 0.278562 0.930326 0.801789 0.924142 0.933387 0.978884 0.500000 
0.500000 0.500000 0.246463 0.855032 0.928245 0.924142 0.801040 0.982171 0.500000 
0.500000 0.500000 0.156003 0.841505 0.922048 0.924142 0.774224 0.990446 0.500000 
0.500000 0.500000 0.158945 0.797885 0.945664 0.924142 0.685683 0.990149 0.500000 
0.500000 0.500000 0.145275 0.799435 0.937176 0.924142 0.688845 0.991236 0.500000 
0.500000 0.500000 0.149948 0.792158 0.941168 0.924142 0.674009 0.990860 0.500000 
0.500000 0.500000 0.147719 0.794667 0.938593 0.924142 0.679122 0.991039 0.500000 
0.500000 0.500000 0.149161 0.793473 0.939659 0.924142 0.676688 0.990924 0.500000 
0.500000 0.500000 0.148568 0.794246 0.939050 0.924142 0.678264 0.990971 0.500000 
0.500000 0.500000 0.148909 0.793929 0.939353 0.924142 0.677616 0.990944 0.500000 
0.500000 0.500000 0.148740 0.794111 0.939202 0.924142 0.677989 0.990958 0.500000 
0.500000 0.500000 0.148824 0.794021 0.939282 0.924142 0.677804 0.990951 0.500000 
0.500000 0.500000 0.148779 0.794066 0.939242 0.924142 0.677896 0.990955 0.500000 
0.500000 0.500000 0.148801 0.794042 0.939263 0.924142 0.677847 0.990953 0.500000 
0.500000 0.500000 0.148790 0.794054 0.939252 0.924142 0.677872 0.990954 0.500000 
0.500000 0.500000 0.148796 0.794048 0.939258 0.924142 0.677859 0.990953 0.500000 
0.500000 0.500000 0.148793 0.794051 0.939255 0.924142 0.677865 0.990953 0.500000 
0.500000 0.500000 0.148794 0.794049 0.939256 0.924142 0.677862 0.990953 0.500000 
0.500000 0.500000 0.148794 0.794050 0.939256 0.924142 0.677864 0.990953 0.500000 
0.500000 0.500000 0.148794 0.794050 0.939256 0.924142 0.677863 0.990953 0.500000 
0.993307 0.500000 0.148794 0.794050 0.939256 0.924142 0.677863 0.990953 0.500000 
0.500000 0.500000 0.475087 0.794050 0.939256 0.924142 0.677863 0.990953 0.500000 
0.500000 0.500000 0.150889 0.918220 0.766477 0.924142 0.914935 0.990953 0.500000 
0.500000 0.500000 0.275594 0.795171 0.958016 0.924142 0.680146 0.978801 0.500000 
0.500000 0.500000 0.139346 0.853821 0.894705 0.924142 0.798665 0.991757 0.500000 
0.500000 0.500000 0.175900 0.788943 0.951451 0.924142 0.667462 0.988722 0.500000 
0.500000 0.500000 0.142220 0.808192 0.930426 0.924142 0.706718 0.991484 0.500000 
0.500000 0.500000 0.153828 0.790506 0.943486 0.924142 0.670644 0.990549 0.500000 
0.500000 0.500000 0.146448 0.796733 0.937210 0.924142 0.683335 0.991141 0.500000 
0.500000 0.500000 0.149940 0.792790 0.940374 0.924142 0.675296 0.990861 0.500000 
0.500000 0.500000 0.148169 0.794663 0.938712 0.924142 0.679113 0.991003 0.500000 
0.500000 0.500000 0.149098 0.793715 0.939537 0.924142 0.677181 0.990929 0.500000 
0.500000 0.500000 0.148637 0.794212 0.939112 0.924142 0.678195 0.990966 0.500000 
0.500000 0.500000 0.148874 0.793965 0.939328 0.924142 0.677692 0.990947 0.500000 
0.500000 0.500000 0.148753 0.794093 0.939219 0.924142 0.677951 0.990957 0.500000 
0.500000 0.500000 0.148815 0.794028 0.939275 0.924142 0.677819 0.990952 0.500000 
0.500000 0.500000 0.148783 0.794061 0.939246 0.924142 0.677886 0.990954 0.500000 
0.500000 0.500000 0.148799 0.794044 0.939261 0.924142 0.677852 0.990953 0.500000 
0.500000 0.500000 0.148791 0.794053 0.939253 0.924142 0.677869 0.990954 0.500000 
0.500000 0.500000 0.148795 0.794048 0.939257 0.924142 0.677860 0.990953 0.500000 
0.500000 0.500000 0.148793 0.794050 0.939255 0.924142 0.677865 0.990953 0.500000 
0.500000 0.500000 0.148794 0.794049 0.939256 0.924142 0.677863 0.990953 0.500000 
0.500000 0.500000 0.148794 0.794050 0.939256 0.924142 0.677864 0.990953 0.500000 
0.500000 0.500000 0.148794 0.794050 0.939256 0.924142 0.677863 0.990953 0.500000 
0.500000 0.500000 0.148794 0.794050 0.939256 0.924142 0.677863 0.990953 0.500000 
0.500000 0.500000 0.148794 0.794050 0.939256 0.924142 0.677863 0.990953 0.500000 
0.500000 0.500000 0.148794 0.794050 0.939256 0.924142 0.677863 0.990953 0.500000 
0.993307 0.500000 0.148794 0.794050 0.939256 0.924142 0.677863 0.990953 0.500000 
0.500000 0.500000 0.475087 0.794050 0.939256 0.924142 0.677863 0.990953 0.500000 
0.500000 0.500000 0.150889 0.918220 0.766477 0.924142 0.914935 0.990953 0.500000 
0.500000 0.500000 0.275594 0.795171 0.958016 0.924142 0.680146 0.978801 0.500000 
0.500000 0.500000 0.139346 0.853821 0.894705 0.924142 0.798665 0.991757 0.500000 
0.500000 0.500000 0.175900 0.788943 0.951451 0.924142 0.667462 0.988722 0.500000 
0.500000 0.500000 0.142220 0.808192 0.930426 0.924142 0.706718 0.991484 0.500000 
0.500000 0.500000 0.153828 0.790506 0.943486 0.924142 0.670644 0.990549 0.500000 
0.500000 0.500000 0.146448 0.796733 0.937210 0.924142 0.683335 0.991141 0.500000 
0.500000 0.500000 0.149940 0.792790 0.940374 0.924142 0.675296 0.990861 0.500000 
0.500000 0.500000 0.148169 0.794663 0.938712 0.924142 0.679113 0.991003 0.500000 
0.500000 0.500000 0.149098 0.793715 0.939537 0.924142 0.677181 0.990929 0.500000 
0.500000 0.500000 0.148637 0.794212 0.939112 0.924142 0.678195 0.990966 0.500000 
0.500000 0.500000 0.148874 0.793965 0.939328 0.924142 0.677692 0.990947 0.500000 
0.500000 0.500000 0.148753 0.794093 0.939219 0.924142 0.677951 0.990957 0.500000 
0.500000 0.500000 0.148815 0.794028 0.939275 0.924142 0.677819 0.990952 0.500000 
0.500000 0.500000 0.148783 0.794061 0.939246 0.924142 0.677886 0.990954 0.500000 
0.500000 0.500000 0.148799 0.794044 0.939261 0.924142 0.677852 0.990953 0.500000 
0.500000 0.500000 0.148791 0.794053 0.939253 0.924142 0.677869 0.990954 0.500000 
0.500000 0.500000 0.148795 0.794048 0.939257 0.924142 0.677860 0.990953 0.500000 
0.500000 0.500000 0.148793 0.794050 0.939255 0.924142 0.677865 0.990953 0.500000 
0.500000 0.500000 0.148794 0.794049 0.939256 0.924142 0.677863 0.990953 0.500000 
0.500000 0.500000 0.148794 0.794050 0.939256 0.924142 0.677864 0.990953 0.500000 
0.500000 0.500000 0.148794 0.794050 0.939256 0.924142 0.677863 0.990953 0.500000 
0.500000 0.500000 0.148794 0.794050 0.939256 0.924142 0.677863 0.990953 0.500000 
0.500000 0.500000 0.148794 0.794050 0.939256 0.924142 0.677863 0.990953 0.500000 
0.500000 0.500000 0.148794 0.794050 0.939256 0.924142 0.677863 0.990953 0.500000 
0.993307 0.500000 0.148794 0.794050 0.939256 0.924142 0.677863 0.990953 0.500000 
0.500000 0.500000 0.475087 0.794050 0.939256 0.924142 0.677863 0.990953 0.500000 
0.500000 0.500000 0.150889 0.918220 0.766477 0.924142 0.914935 0.990953 0.500000 
0.500000 0.500000 0.275594 0.795171 0.958016 0.924142 0.680146 0.978801 0.500000 
0.500000 0.500000 0.139346 0.853821 0.894705 0.924142 0.798665 0.991757 0.500000 
0.500000 0.500000 0.175900 0.788943 0.951451 0.924142 0.667462 0.988722 0.500000 
0.500000 0.500000 0.142220 0.808192 0.930426 0.924142 0.706718 0.991484 0.500000 
0.500000 0.500000 0.153828 0.790506 0.943486 0.924142 0.670644 0.990549 0.500000 
0.500000 0.500000 0.146448 0.796733 0.937210 0.924142 0.683335 0.991141 0.500000 
0.500000 0.500000 0.149940 0.792790 0.940374 0.924142 0.675296 0.990861 0.500000 
0.500000 0.500000 0.148169 0.794663 0.938712 0.924142 0.679113 0.991003 0.500000 
0.500000 0.500000 0.149098 0.793715 0.939537 0.924142 0.677181 0.990929 0.500000 
0.500000 0.500000 0.148637 0.794212 0.939112 0.924142 0.678195 0.990966 0.500000 
0.500000 0.500000 0.148874 0.793965 0.939328 0.924142 0.677692 0.990947 0.500000 
0.500000 0.500000 0.148753 0.794093 0.939219 0.924142 0.677951 0.990957 0.500000 
0.500000 0.500000 0.148815 0.794028 0.939275 0.924142 0.677819 0.990952 0.500000 
0.500000 0.500000 0.148783 0.794061 0.939246 0.924142 0.677886 0.990954 0.500000 
0.500000 0.500000 0.148799 0.794044 0.939261 0.924142 0.677852 0.990953 0.500000 
0.500000 0.500000 0.148791 0.794053 0.939253 0.924142 0.677869 0.990954 0.500000 
0.500000 0.500000 0.148795 0.794048 0.939257 0.924142 0.677860 0.990953 0.500000 
0.500000 0.500000 0.148793 0.794050 0.939255 0.924142 0.677865 0.990953 0.500000 
0.500000 0.500000 0.148794 0.794049 0.939256 0.924142 0.677863 0.990953 0.500000 
0.500000 0.500000 0.148794 0.794050 0.939256 0.924142 0.677864 0.990953 0.500000 
0.500000 0.500000 0.148794 0.794050 0.939256 0.924142 0.677863 0.990953 0.500000 
0.500000 0.500000 0.148794 0.794050 0.939256 0.924142 0.677863 0.990953 0.500000 
0.500000 0.500000 0.148794 0.794050 0.939256 0.924142 0.677863 0.990953 0.500000 
0.500000 0.500000 0.148794 0.794050 0.939256 0.924142 0.677863 0.990953 0.500000 
