0.993307 0.500000 0.500000 0.500000 0.500000 0.500000 0.500000 0.500000 0.500000 
0.500000 0.500000 0.981004 0.924142 0.777300 0.924142 0.924142 0.924142 0.500000 
0.500000 0.500000 0.899443 0.996970 0.685337 0.924142 0.992645 0.979895 0.500000 
0.500000 0.500000 0.902645 0.999607 0.738694 0.924142 0.988983 0.968528 0.500000 
0.500000 0.500000 0.900754 0.999907 0.742888 0.924142 0.989156 0.975719 0.500000 
0.500000 0.500000 0.900603 0.999966 0.744287 0.924142 0.989054 0.976211 0.500000 
0.500000 0.500000 0.900553 0.999983 0.744514 0.924142 0.989046 0.976373 0.500000 
0.500000 0.500000 0.900545 0.999990 0.744566 0.924142 0.989043 0.976399 0.500000 
0.500000 0.500000 0.900543 0.999993 0.744576 0.924142 0.989043 0.976405 0.500000 
0.500000 0.500000 0.900543 0.999994 0.744579 0.924142 0.989043 0.976406 0.500000 
0.500000 0.500000 0.900543 0.999995 0.744580 0.924142 0.989043 0.976406 0.500000 
0.500000 0.500000 0.900543 0.999996 0.744580 0.924142 0.989043 0.976406 0.500000 
0.500000 0.500000 0.900543 0.999996 0.744581 0.924142 0.989043 0.976406 0.500000 
0.500000 0.500000 0.900543 0.999996 0.744581 0.924142 0.989043 0.976406 0.500000 
0.500000 0.500000 0.900543 0.999996 0.744581 0.924142 0.989043 0.976406 0.500000 
0.500000 0.500000 0.900543 0.999996 0.744581 0.924142 0.989043 0.976406 0.500000 
0.500000 0.500000 0.900543 0.999997 0.744581 0.924142 0.989043 0.976406 0.500000 
0.500000 0.500000 0.900543 0.999997 0.744581 0.924142 0.989043 0.976406 0.500000 
0.500000 0.500000 0.900543 0.999997 0.744581 0.924142 0.989043 0.976406 0.500000 
0.500000 0.500000 0.900543 0.999997 0.744581 0.924142 0.989043 0.976406 0.500000 
0.500000 0.500000 0.900543 0.999997 0.744581 0.924142 0.989043 0.976406 0.500000 
0.500000 0.500000 0.900543 0.999997 0.744581 0.924142 0.989043 0.976406 0.500000 
0.500000 0.500000 0.900543 0.999997 0.744581 0.924142 0.989043 0.976406 0.500000 
0.993307 0.500000 0.900543 0.999997 0.744581 0.924142 0.989043 0.976406 0.500000 
0.500000 0.500000 0.979115 0.999997 0.744581 0.924142 0.989043 0.976406 0.500000 
0.500000 0.500000 0.900616 0.999997 0.705470 0.924142 0.992576 0.976406 0.500000 
0.500000 0.500000 0.901935 0.999997 0.740792 0.924142 0.989046 0.971456 0.500000 
0.500000 0.500000 0.900679 0.999997 0.743541 0.924142 0.989118 0.975966 0.500000 
0.500000 0.500000 0.900580 0.999997 0.744412 0.924142 0.989050 0.976286 0.500000 
0.500000 0.500000 0.900549 0.999997 0.744546 0.924142 0.989045 0.976387 0.500000 
0.500000 0.500000 0.900544 0.999997 0.744575 0.924142 0.989043 0.976402 0.500000 
0.500000 0.500000 0.900543 0.999997 0.744580 0.924142 0.989043 0.976406 0.500000 
0.500000 0.500000 0.900543 0.999997 0.744581 0.924142 0.989043 0.976406 0.500000 
0.500000 0.500000 0.900543 0.999997 0.744581 0.924142 0.989043 0.976406 0.500000 
0.500000 0.500000 0.900543 0.999997 0.744581 0.924142 0.989043 0.976406 0.500000 
0.500000 0.500000 0.900543 0.999997 0.744581 0.924142 0.989043 0.976406 0.500000 
0.500000 0.500000 0.900543 0.999997 0.744581 0.924142 0.989043 0.976406 0.500000 
0.500000 0.500000 0.900543 0.999997 0.744581 0.924142 0.989043 0.976406 0.500000 
0.500000 0.500000 0.900543 0.999997 0.744581 0.924142 0.989043 0.976406 0.500000 
0.500000 0.500000 0.900543 0.999997 0.744581 0.924142 0.989043 0.976406 0.500000 
0.500000 0.500000 0.900543 0.999997 0.744581 0.924142 0.989043 0.976406 0.500000 
0.500000 0.500000 0.900543 0.999997 0.744581 0.924142 0.989043 0.976406 0.500000 
0.500000 0.500000 0.900543 0.999997 0.744581 0.924142 0.989043 0.976406 0.500000 
0.500000 0.500000 0.900543 0.999997 0.744581 0.924142 0.989043 0.976406 0.500000 
0.500000 0.500000 0.900543 0.999997 0.744581 0.924142 0.989043 0.976406 0.500000 
0.500000 0.500000 0.900543 0.999997 0.744581 0.924142 0.989043 0.976406 0.500000 
0.500000 0.500000 0.900543 0.999997 0.744581 0.924142 0.989043 0.976406 0.500000 
0.500000 0.500000 0.900543 0.999997 0.744581 0.924142 0.989043 0.976406 0.500000 
0.500000 0.500000 0.900543 0.999997 0.744581 0.924142 0.989043 0.976406 0.500000 
0.500000 0.500000 0.900543 0.999997 0.744581 0.924142 0.989043 0.976406 0.500000 
0.993307 0.500000 0.900543 0.999997 0.744581 0.924142 0.989043 0.976406 0.500000 
0.500000 0.500000 0.979115 0.999997 0.744581 0.924142 0.989043 0.976406 0.500000 
0.500000 0.500000 0.900616 0.999997 0.705470 0.924142 0.992576 0.976406 0.500000 
0.500000 0.500000 0.901935 0.999997 0.740792 0.924142 0.989046 0.971456 0.500000 
0.500000 0.500000 0.900679 0.999997 0.743541 0.924142 0.989118 0.975966 0.500000 
0.500000 0.500000 0.900580 0.999997 0.744412 0.924142 0.989050 0.976286 0.500000 
0.500000 0.500000 0.900549 0.999997 0.744546 0.924142 0.989045 0.976387 0.500000 
0.500000 0.500000 0.900544 0.999997 0.744575 0.924142 0.989043 0.976402 0.500000 
0.500000 0.500000 0.900543 0.999997 0.744580 0.924142 0.989043 0.976406 0.500000 
0.500000 0.500000 0.900543 0.999997 0.744581 0.924142 0.989043 0.976406 0.500000 
0.500000 0.500000 0.900543 0.999997 0.744581 0.924142 0.989043 0.976406 0.500000 
0.500000 0.500000 0.900543 0.999997 0.744581 0.924142 0.989043 0.976406 0.500000 
0.500000 0.500000 0.900543 0.999997 0.744581 0.924142 0.989043 0.976406 0.500000 
0.500000 0.500000 0.900543 0.999997 0.744581 0.924142 0.989043 0.976406 0.500000 
0.500000 0.500000 0.900543 0.999997 0.744581 0.924142 0.989043 0.976406 0.500000 
0.500000 0.500000 0.900543 0.999997 0.744581 0.924142 0.989043 0.976406 0.500000 
0.500000 0.500000 0.900543 0.999997 0.744581 0.924142 0.989043 0.976406 0.500000 
0.500000 0.500000 0.900543 0.999997 0.744581 0.924142 0.989043 0.976406 0.500000 
0.500000 0.500000 0.900543 0.999997 0.744581 0.924142 0.989043 0.976406 0.500000 
0.500000 0.500000 0.900543 0.999997 0.744581 0.924142 0.989043 0.976406 0.500000 
0.500000 0.500000 0.900543 0.999997 0.744581 0.924142 0.989043 0.976406 0.500000 
0.500000 0.500000 0.900543 0.999997 0.744581 0.924142 0.989043 0.976406 0.500000 
0.500000 0.500000 0.900543 0.999997 0.744581 0.924142 0.989043 0.976406 0.500000 
0.500000 0.500000 0.900543 0.999997 0.744581 0.924142 0.989043 0.976406 0.500000 
0.500000 0.500000 0.900543 0.999997 0.744581 0.924142 0.989043 0.976406 0.500000 
0.500000 0.500000 0.900543 0.999997 0.744581 0.924142 0.989043 0.976406 0.500000 
0.500000 0.500000 0.900543 0.999997 0.744581 0.924142 0.989043 0.976406 0.500000 
0.993307 0.500000 0.900543 0.999997 0.744581 0.924142 0.989043 0.976406 0.500000 
0.500000 0.500000 0.979115 0.999997 0.744581 0.924142 0.989043 0.976406 0.500000 
0.500000 0.500000 0.900616 0.999997 0.705470 0.924142 0.992576 0.976406 0.500000 
0.500000 0.500000 0.901935 0.999997 0.740792 0.924142 0.989046 0.971456 0.500000 
0.500000 0.500000 0.900679 0.999997 0.743541 0.924142 0.989118 0.975966 0.500000 
0.500000 0.500000 0.900580 0.999997 0.744412 0.924142 0.989050 0.976286 0.500000 
0.500000 0.500000 0.900549 0.999997 0.744546 0.924142 0.989045 0.976387 0.500000 
0.500000 0.500000 0.900544 0.999997 0.744575 0.924142 0.989043 0.976402 0.500000 
0.500000 0.500000 0.900543 0.999997 0.744580 0.924142 0.989043 0.976406 0.500000 
0.500000 0.500000 0.900543 0.999997 0.744581 0.924142 0.989043 0.976406 0.500000 
0.500000 0.500000 0.900543 0.999997 0.744581 0.924142 0.989043 0.976406 0.500000 
0.500000 0.500000 0.900543 0.999997 0.744581 0.924142 0.989043 0.976406 0.500000 
0.500000 0.500000 0.900543 0.999997 0.744581 0.924142 0.989043 0.976406 0.500000 
0.500000 0.500000 0.900543 0.999997 0.744581 0.924142 0.989043 0.976406 0.500000 
0.500000 0.500000 0.900543 0.999997 0.744581 0.924142 0.989043 0.976406 0.500000 
0.500000 0.500000 0.900543 0.999997 0.744581 0.924142 0.989043 0.976406 0.500000 
0.500000 0.500000 0.900543 0.999997 0.744581 0.924142 0.989043 0.976406 0.500000 
0.500000 0.500000 0.900543 0.999997 0.744581 0.924142 0.989043 0.976406 0.500000 
0.500000 0.500000 0.900543 0.999997 0.744581 0.924142 0.989043 0.976406 0.500000 
0.500000 0.500000 0.900543 0.999997 0.744581 0.924142 0.989043 0.976406 0.500000 
0.500000 0.500000 0.900543 0.999997 0.744581 0.924142 0.989043 0.976406 0.500000 
0.500000 0.500000 0.900543 0.999997 0.744581 0.924142 0.989043 0.976406 0.500000 
0.500000 0.500000 0.900543 0.999997 0.744581 0.924142 0.989043 0.976406 0.500000 
0.500000 0.500000 0.900543 0.999997 0.744581 0.924142 0.989043 0.976406 0.500000 
0.500000 0.500000 0.900543 0.999997 0.744581 0.924142 0.989043 0.976406 0.500000 
0.500000 0.500000 0.900543 0.999997 0.744581 0.924142 0.989043 0.976406 0.500000 
0.500000 0.500000 0.900543 0.999997 0.744581 0.924142 0.989043 0.976406 0.500000 
