0.500000 0.500000 0.500000 0.500000 0.500000 0.500000 0.500000 0.500000 0.500000 
0.500000 0.500000 0.531209 0.924142 0.562177 0.924142 0.924142 0.924142 0.500000 
0.500000 0.500000 0.457828 0.983703 0.780111 0.924142 0.934383 0.943261 0.500000 
0.500000 0.500000 0.230194 0.992034 0.853081 0.924142 0.907974 0.980170 0.500000 
0.500000 0.500000 0.173044 0.989308 0.943002 0.924142 0.759688 0.986148 0.500000 
0.500000 0.500000 0.119739 0.984717 0.955033 0.924142 0.703750 0.991120 0.500000 
0.500000 0.500000 0.113412 0.977623 0.963847 0.924142 0.645358 0.991634 0.500000 
0.500000 0.500000 0.109210 0.971353 0.964163 0.924142 0.638084 0.991992 0.500000 
0.500000 0.500000 0.109023 0.966368 0.964226 0.924142 0.633219 0.992004 0.500000 
0.500000 0.500000 0.108992 0.962964 0.963783 0.924142 0.633001 0.992007 0.500000 
0.500000 0.500000 0.109196 0.960762 0.963463 0.924142 0.632965 0.991989 0.500000 
0.500000 0.500000 0.109346 0.959406 0.963218 0.924142 0.633202 0.991976 0.500000 
0.500000 0.500000 0.109461 0.958590 0.963063 0.924142 0.633377 0.991967 0.500000 
0.500000 0.500000 0.109534 0.958108 0.962965 0.924142 0.633510 0.991960 0.500000 
0.500000 0.500000 0.109580 0.957825 0.962907 0.924142 0.633595 0.991957 0.500000 
0.500000 0.500000 0.109608 0.957661 0.962872 0.924142 0.633648 0.991954 0.500000 
0.500000 0.500000 0.109624 0.957566 0.962851 0.924142 0.633680 0.991953 0.500000 
0.500000 0.500000 0.109634 0.957511 0.962839 0.924142 0.633699 0.991952 0.500000 
0.500000 0.500000 0.109639 0.957479 0.962832 0.924142 0.633711 0.991952 0.500000 
0.500000 0.500000 0.109643 0.957460 0.962828 0.924142 0.633717 0.991951 0.500000 
0.500000 0.500000 0.109644 0.957450 0.962826 0.924142 0.633721 0.991951 0.500000 
0.500000 0.500000 0.109646 0.957444 0.962825 0.924142 0.633723 0.991951 0.500000 
0.500000 0.500000 0.109646 0.957440 0.962824 0.924142 0.633724 0.991951 0.500000 
0.500000 0.500000 0.109647 0.957438 0.962823 0.924142 0.633725 0.991951 0.500000 
0.500000 0.500000 0.109647 0.957437 0.962823 0.924142 0.633725 0.991951 0.500000 
0.500000 0.500000 0.109647 0.957436 0.962823 0.924142 0.633726 0.991951 0.500000 
0.500000 0.500000 0.109647 0.957436 0.962823 0.924142 0.633726 0.991951 0.500000 
0.500000 0.500000 0.109647 0.957436 0.962823 0.924142 0.633726 0.991951 0.500000 
0.500000 0.500000 0.109647 0.957436 0.962823 0.924142 0.633726 0.991951 0.500000 
0.500000 0.500000 0.109647 0.957435 0.962823 0.924142 0.633726 0.991951 0.500000 
0.500000 0.500000 0.109647 0.957435 0.962823 0.924142 0.633726 0.991951 0.500000 
0.500000 0.500000 0.109647 0.957435 0.962823 0.924142 0.633726 0.991951 0.500000 
0.500000 0.500000 0.109647 0.957435 0.962823 0.924142 0.633726 0.991951 0.500000 
0.500000 0.500000 0.109647 0.957435 0.962823 0.924142 0.633726 0.991951 0.500000 
0.500000 0.500000 0.109647 0.957435 0.962823 0.924142 0.633726 0.991951 0.500000 
0.500000 0.500000 0.109647 0.957435 0.962823 0.924142 0.633726 0.991951 0.500000 
0.500000 0.500000 0.109647 0.957435 0.962823 0.924142 0.633726 0.991951 0.500000 
0.500000 0.500000 0.109647 0.957435 0.962823 0.924142 0.633726 0.991951 0.500000 
0.500000 0.500000 0.109647 0.957435 0.962823 0.924142 0.633726 0.991951 0.500000 
0.500000 0.500000 0.109647 0.957435 0.962823 0.924142 0.633726 0.991951 0.500000 
0.500000 0.500000 0.109647 0.957435 0.962823 0.924142 0.633726 0.991951 0.500000 
0.500000 0.500000 0.109647 0.957435 0.962823 0.924142 0.633726 0.991951 0.500000 
0.500000 0.500000 0.109647 0.957435 0.962823 0.924142 0.633726 0.991951 0.500000 
0.500000 0.500000 0.109647 0.957435 0.962823 0.924142 0.633726 0.991951 0.500000 
0.500000 0.500000 0.109647 0.957435 0.962823 0.924142 0.633726 0.991951 0.500000 
0.500000 0.500000 0.109647 0.957435 0.962823 0.924142 0.633726 0.991951 0.500000 
0.500000 0.500000 0.109647 0.957435 0.962823 0.924142 0.633726 0.991951 0.500000 
0.500000 0.500000 0.109647 0.957435 0.962823 0.924142 0.633726 0.991951 0.500000 
0.500000 0.500000 0.109647 0.957435 0.962823 0.924142 0.633726 0.991951 0.500000 
0.500000 0.500000 0.109647 0.957435 0.962823 0.924142 0.633726 0.991951 0.500000 
