0.500000 0.500000 0.500000 0.500000 0.500000 0.500000 0.500000 0.500000 0.500000 
0.500000 0.500000 0.500000 0.924142 0.718594 0.924142 0.924142 0.924142 0.500000 
0.500000 0.500000 0.251059 0.932453 0.749561 0.924142 0.924142 0.973220 0.500000 
0.500000 0.500000 0.087802 0.918624 0.869310 0.924142 0.778215 0.976973 0.500000 
0.500000 0.500000 0.014960 0.907013 0.924388 0.924142 0.608023 0.987214 0.500000 
0.500000 0.500000 0.001816 0.901116 0.943004 0.924142 0.518691 0.990262 0.500000 
0.500000 0.500000 0.000199 0.899829 0.947070 0.924142 0.502270 0.991120 0.500000 
0.500000 0.500000 0.000021 0.899643 0.947803 0.924142 0.500248 0.991297 0.500000 
0.500000 0.500000 0.000002 0.899620 0.947921 0.924142 0.500027 0.991329 0.500000 
0.500000 0.500000 0.000000 0.899618 0.947938 0.924142 0.500003 0.991334 0.500000 
0.500000 0.500000 0.000000 0.899618 0.947941 0.924142 0.500000 0.991334 0.500000 
0.500000 0.500000 0.000000 0.899618 0.947941 0.924142 0.500000 0.991335 0.500000 
0.500000 0.500000 0.000000 0.899618 0.947941 0.924142 0.500000 0.991335 0.500000 
0.500000 0.500000 0.000000 0.899618 0.947941 0.924142 0.500000 0.991335 0.500000 
0.500000 0.500000 0.000000 0.899618 0.947941 0.924142 0.500000 0.991335 0.500000 
0.500000 0.500000 0.000000 0.899618 0.947941 0.924142 0.500000 0.991335 0.500000 
0.500000 0.500000 0.000000 0.899618 0.947941 0.924142 0.500000 0.991335 0.500000 
0.500000 0.500000 0.000000 0.899618 0.947941 0.924142 0.500000 0.991335 0.500000 
0.500000 0.500000 0.000000 0.899618 0.947941 0.924142 0.500000 0.991335 0.500000 
0.500000 0.500000 0.000000 0.899618 0.947941 0.924142 0.500000 0.991335 0.500000 
0.500000 0.500000 0.000000 0.899618 0.947941 0.924142 0.500000 0.991335 0.500000 
0.500000 0.500000 0.000000 0.899618 0.947941 0.924142 0.500000 0.991335 0.500000 
0.500000 0.500000 0.000000 0.899618 0.947941 0.924142 0.500000 0.991335 0.500000 
0.500000 0.500000 0.000000 0.899618 0.947941 0.924142 0.500000 0.991335 0.500000 
0.500000 0.500000 0.000000 0.899618 0.947941 0.924142 0.500000 0.991335 0.500000 
0.500000 0.500000 0.000000 0.899618 0.947941 0.924142 0.500000 0.991335 0.500000 
0.500000 0.500000 0.000000 0.899618 0.947941 0.924142 0.500000 0.991335 0.500000 
0.500000 0.500000 0.000000 0.899618 0.947941 0.924142 0.500000 0.991335 0.500000 
0.500000 0.500000 0.000000 0.899618 0.947941 0.924142 0.500000 0.991335 0.500000 
0.500000 0.500000 0.000000 0.899618 0.947941 0.924142 0.500000 0.991335 0.500000 
0.500000 0.500000 0.000000 0.899618 0.947941 0.924142 0.500000 0.991335 0.500000 
0.500000 0.500000 0.000000 0.899618 0.947941 0.924142 0.500000 0.991335 0.500000 
0.500000 0.500000 0.000000 0.899618 0.947941 0.924142 0.500000 0.991335 0.500000 
0.500000 0.500000 0.000000 0.899618 0.947941 0.924142 0.500000 0.991335 0.500000 
0.500000 0.500000 0.000000 0.899618 0.947941 0.924142 0.500000 0.991335 0.500000 
0.500000 0.500000 0.000000 0.899618 0.947941 0.924142 0.500000 0.991335 0.500000 
0.500000 0.500000 0.000000 0.899618 0.947941 0.924142 0.500000 0.991335 0.500000 
0.500000 0.500000 0.000000 0.899618 0.947941 0.924142 0.500000 0.991335 0.500000 
0.500000 0.500000 0.000000 0.899618 0.947941 0.924142 0.500000 0.991335 0.500000 
0.500000 0.500000 0.000000 0.899618 0.947941 0.924142 0.500000 0.991335 0.500000 
0.500000 0.500000 0.000000 0.899618 0.947941 0.924142 0.500000 0.991335 0.500000 
0.500000 0.500000 0.000000 0.899618 0.947941 0.924142 0.500000 0.991335 0.500000 
0.500000 0.500000 0.000000 0.899618 0.947941 0.924142 0.500000 0.991335 0.500000 
0.500000 0.500000 0.000000 0.899618 0.947941 0.924142 0.500000 0.991335 0.500000 
0.500000 0.500000 0.000000 0.899618 0.947941 0.924142 0.500000 0.991335 0.500000 
0.500000 0.500000 0.000000 0.899618 0.947941 0.924142 0.500000 0.991335 0.500000 
0.500000 0.500000 0.000000 0.899618 0.947941 0.924142 0.500000 0.991335 0.500000 
0.500000 0.500000 0.000000 0.899618 0.947941 0.924142 0.500000 0.991335 0.500000 
0.500000 0.500000 0.000000 0.899618 0.947941 0.924142 0.500000 0.991335 0.500000 
0.500000 0.500000 0.000000 0.899618 0.947941 0.924142 0.500000 0.991335 0.500000 
