0.993307 0.500000 0.500000 0.500000 0.500000 0.500000 0.500000 0.500000 0.500000 
0.500000 0.500000 0.974528 0.924142 0.562177 0.924142 0.924142 0.924142 0.500000 
0.500000 0.500000 0.967566 0.998342 0.372955 0.924142 0.992405 0.943261 0.500000 
0.500000 0.500000 0.970266 0.999958 0.435996 0.924142 0.992138 0.865852 0.500000 
0.500000 0.500000 0.969472 0.999999 0.434931 0.924142 0.992243 0.898437 0.500000 
0.500000 0.500000 0.969181 1.000000 0.435830 0.924142 0.992212 0.897950 0.500000 
0.500000 0.500000 0.969037 1.000000 0.436162 0.924142 0.992201 0.898361 0.500000 
0.500000 0.500000 0.968969 1.000000 0.436325 0.924142 0.992195 0.898513 0.500000 
0.500000 0.500000 0.968937 1.000000 0.436402 0.924142 0.992193 0.898587 0.500000 
0.500000 0.500000 0.968921 1.000000 0.436438 0.924142 0.992191 0.898622 0.500000 
0.500000 0.500000 0.968914 1.000000 0.436455 0.924142 0.992191 0.898639 0.500000 
0.500000 0.500000 0.968911 1.000000 0.436464 0.924142 0.992190 0.898647 0.500000 
0.500000 0.500000 0.968909 1.000000 0.436467 0.924142 0.992190 0.898650 0.500000 
0.500000 0.500000 0.968909 1.000000 0.436469 0.924142 0.992190 0.898652 0.500000 
0.500000 0.500000 0.968908 1.000000 0.436470 0.924142 0.992190 0.898653 0.500000 
0.500000 0.500000 0.968908 1.000000 0.436470 0.924142 0.992190 0.898653 0.500000 
0.500000 0.500000 0.968908 1.000000 0.436471 0.924142 0.992190 0.898654 0.500000 
0.500000 0.500000 0.968908 1.000000 0.436471 0.924142 0.992190 0.898654 0.500000 
0.500000 0.500000 0.968908 1.000000 0.436471 0.924142 0.992190 0.898654 0.500000 
0.500000 0.500000 0.968908 1.000000 0.436471 0.924142 0.992190 0.898654 0.500000 
0.500000 0.500000 0.968908 1.000000 0.436471 0.924142 0.992190 0.898654 0.500000 
0.500000 0.500000 0.968908 1.000000 0.436471 0.924142 0.992190 0.898654 0.500000 
0.500000 0.500000 0.968908 1.000000 0.436471 0.924142 0.992190 0.898654 0.500000 
0.817574 0.500000 0.968908 1.000000 0.436471 0.924142 0.992190 0.898654 0.500000 
0.500000 0.500000 0.988989 1.000000 0.436471 0.924142 0.992190 0.898654 0.500000 
0.500000 0.500000 0.979420 1.000000 0.414386 0.924142 0.992931 0.898654 0.500000 
0.500000 0.500000 0.974186 1.000000 0.424652 0.924142 0.992587 0.888145 0.500000 
0.500000 0.500000 0.971463 1.000000 0.430520 0.924142 0.992392 0.893143 0.500000 
0.500000 0.500000 0.970129 1.000000 0.433585 0.924142 0.992289 0.895911 0.500000 
0.500000 0.500000 0.969487 1.000000 0.435091 0.924142 0.992237 0.897332 0.500000 
0.500000 0.500000 0.969182 1.000000 0.435816 0.924142 0.992213 0.898024 0.500000 
0.500000 0.500000 0.969038 1.000000 0.436161 0.924142 0.992201 0.898355 0.500000 
0.500000 0.500000 0.968969 1.000000 0.436324 0.924142 0.992195 0.898512 0.500000 
0.500000 0.500000 0.968937 1.000000 0.436402 0.924142 0.992193 0.898587 0.500000 
0.500000 0.500000 0.968922 1.000000 0.436438 0.924142 0.992191 0.898622 0.500000 
0.500000 0.500000 0.968914 1.000000 0.436455 0.924142 0.992191 0.898639 0.500000 
0.500000 0.500000 0.968911 1.000000 0.436464 0.924142 0.992190 0.898647 0.500000 
0.500000 0.500000 0.968909 1.000000 0.436467 0.924142 0.992190 0.898650 0.500000 
0.500000 0.500000 0.968909 1.000000 0.436469 0.924142 0.992190 0.898652 0.500000 
0.500000 0.500000 0.968908 1.000000 0.436470 0.924142 0.992190 0.898653 0.500000 
0.500000 0.500000 0.968908 1.000000 0.436470 0.924142 0.992190 0.898653 0.500000 
0.500000 0.500000 0.968908 1.000000 0.436471 0.924142 0.992190 0.898654 0.500000 
0.500000 0.500000 0.968908 1.000000 0.436471 0.924142 0.992190 0.898654 0.500000 
0.500000 0.500000 0.968908 1.000000 0.436471 0.924142 0.992190 0.898654 0.500000 
0.500000 0.500000 0.968908 1.000000 0.436471 0.924142 0.992190 0.898654 0.500000 
0.500000 0.500000 0.968908 1.000000 0.436471 0.924142 0.992190 0.898654 0.500000 
0.500000 0.500000 0.968908 1.000000 0.436471 0.924142 0.992190 0.898654 0.500000 
0.500000 0.500000 0.968908 1.000000 0.436471 0.924142 0.992190 0.898654 0.500000 
0.500000 0.500000 0.968908 1.000000 0.436471 0.924142 0.992190 0.898654 0.500000 
0.500000 0.500000 0.968908 1.000000 0.436471 0.924142 0.992190 0.898654 0.500000 
0.993307 0.500000 0.968908 1.000000 0.436471 0.924142 0.992190 0.898654 0.500000 
0.500000 0.500000 0.993840 1.000000 0.436471 0.924142 0.992190 0.898654 0.500000 
0.500000 0.500000 0.983649 1.000000 0.409098 0.924142 0.993099 0.898654 0.500000 
0.500000 0.500000 0.976562 1.000000 0.419956 0.924142 0.992741 0.885491 0.500000 
0.500000 0.500000 0.972666 1.000000 0.427853 0.924142 0.992481 0.890882 0.500000 
0.500000 0.500000 0.970714 1.000000 0.432229 0.924142 0.992335 0.894661 0.500000 
0.500000 0.500000 0.969767 1.000000 0.434431 0.924142 0.992260 0.896706 0.500000 
0.500000 0.500000 0.969315 1.000000 0.435499 0.924142 0.992223 0.897721 0.500000 
0.500000 0.500000 0.969101 1.000000 0.436010 0.924142 0.992206 0.898210 0.500000 
0.500000 0.500000 0.968999 1.000000 0.436253 0.924142 0.992198 0.898444 0.500000 
0.500000 0.500000 0.968951 1.000000 0.436368 0.924142 0.992194 0.898554 0.500000 
0.500000 0.500000 0.968928 1.000000 0.436422 0.924142 0.992192 0.898607 0.500000 
0.500000 0.500000 0.968917 1.000000 0.436448 0.924142 0.992191 0.898632 0.500000 
0.500000 0.500000 0.968912 1.000000 0.436460 0.924142 0.992191 0.898643 0.500000 
0.500000 0.500000 0.968910 1.000000 0.436466 0.924142 0.992190 0.898649 0.500000 
0.500000 0.500000 0.968909 1.000000 0.436468 0.924142 0.992190 0.898651 0.500000 
0.500000 0.500000 0.968908 1.000000 0.436470 0.924142 0.992190 0.898653 0.500000 
0.500000 0.500000 0.968908 1.000000 0.436470 0.924142 0.992190 0.898653 0.500000 
0.500000 0.500000 0.968908 1.000000 0.436471 0.924142 0.992190 0.898653 0.500000 
0.500000 0.500000 0.968908 1.000000 0.436471 0.924142 0.992190 0.898654 0.500000 
0.500000 0.500000 0.968908 1.000000 0.436471 0.924142 0.992190 0.898654 0.500000 
0.500000 0.500000 0.968908 1.000000 0.436471 0.924142 0.992190 0.898654 0.500000 
0.500000 0.500000 0.968908 1.000000 0.436471 0.924142 0.992190 0.898654 0.500000 
0.500000 0.500000 0.968908 1.000000 0.436471 0.924142 0.992190 0.898654 0.500000 
0.500000 0.500000 0.968908 1.000000 0.436471 0.924142 0.992190 0.898654 0.500000 
0.500000 0.500000 0.968908 1.000000 0.436471 0.924142 0.992190 0.898654 0.500000 
0.500000 0.500000 0.968908 1.000000 0.436471 0.924142 0.992190 0.898654 0.500000 
0.952574 0.500000 0.968908 1.000000 0.436471 0.924142 0.992190 0.898654 0.500000 
0.500000 0.500000 0.992951 1.000000 0.436471 0.924142 0.992190 0.898654 0.500000 
0.500000 0.500000 0.982752 1.000000 0.410066 0.924142 0.993069 0.898654 0.500000 
0.500000 0.500000 0.976037 1.000000 0.420949 0.924142 0.992709 0.885981 0.500000 
0.500000 0.500000 0.972397 1.000000 0.428441 0.924142 0.992462 0.891364 0.500000 
0.500000 0.500000 0.970582 1.000000 0.432532 0.924142 0.992324 0.894938 0.500000 
0.500000 0.500000 0.969704 1.000000 0.434579 0.924142 0.992255 0.896846 0.500000 
0.500000 0.500000 0.969285 1.000000 0.435571 0.924142 0.992221 0.897789 0.500000 
0.500000 0.500000 0.969086 1.000000 0.436044 0.924142 0.992205 0.898243 0.500000 
0.500000 0.500000 0.968992 1.000000 0.436269 0.924142 0.992197 0.898459 0.500000 
0.500000 0.500000 0.968948 1.000000 0.436375 0.924142 0.992193 0.898562 0.500000 
0.500000 0.500000 0.968927 1.000000 0.436426 0.924142 0.992192 0.898610 0.500000 
0.500000 0.500000 0.968917 1.000000 0.436450 0.924142 0.992191 0.898633 0.500000 
0.500000 0.500000 0.968912 1.000000 0.436461 0.924142 0.992191 0.898644 0.500000 
0.500000 0.500000 0.968910 1.000000 0.436466 0.924142 0.992190 0.898649 0.500000 
0.500000 0.500000 0.968909 1.000000 0.436469 0.924142 0.992190 0.898652 0.500000 
0.500000 0.500000 0.968908 1.000000 0.436470 0.924142 0.992190 0.898653 0.500000 
0.500000 0.500000 0.968908 1.000000 0.436470 0.924142 0.992190 0.898653 0.500000 
0.500000 0.500000 0.968908 1.000000 0.436471 0.924142 0.992190 0.898653 0.500000 
0.500000 0.500000 0.968908 1.000000 0.436471 0.924142 0.992190 0.898654 0.500000 
0.500000 0.500000 0.968908 1.000000 0.436471 0.924142 0.992190 0.898654 0.500000 
0.500000 0.500000 0.968908 1.000000 0.436471 0.924142 0.992190 0.898654 0.500000 
0.500000 0.500000 0.968908 1.000000 0.436471 0.924142 0.992190 0.898654 0.500000 
0.500000 0.500000 0.968908 1.000000 0.436471 0.924142 0.992190 0.898654 0.500000 
0.500000 0.500000 0.968908 1.000000 0.436471 0.924142 0.992190 0.898654 0.500000 
0.500000 0.500000 0.968908 1.000000 0.436471 0.924142 0.992190 0.898654 0.500000 
0.500000 0.500000 0.968908 1.000000 0.436471 0.924142 0.992190 0.898654 0.500000 
