0.500000 0.500000 0.500000 0.500000 0.500000 0.500000 0.500000 0.500000 0.500000 
0.500000 0.500000 0.754915 0.924142 0.718594 0.924142 0.924142 0.924142 0.500000 
0.500000 0.500000 0.838738 0.944665 0.574360 0.924142 0.977568 0.973220 0.500000 
0.500000 0.500000 0.928865 0.949028 0.490001 0.924142 0.985134 0.946435 0.500000 
0.500000 0.500000 0.976383 0.952736 0.410069 0.924142 0.990476 0.920562 0.500000 
0.500000 0.500000 0.993905 0.954660 0.365338 0.924142 0.992475 0.885983 0.500000 
0.500000 0.500000 0.998627 0.955381 0.347417 0.924142 0.993101 0.861367 0.500000 
0.500000 0.500000 0.999707 0.955584 0.341894 0.924142 0.993261 0.850316 0.500000 
0.500000 0.500000 0.999938 0.955632 0.340453 0.924142 0.993297 0.846767 0.500000 
0.500000 0.500000 0.999987 0.955643 0.340112 0.924142 0.993305 0.845830 0.500000 
0.500000 0.500000 0.999997 0.955645 0.340035 0.924142 0.993307 0.845608 0.500000 
0.500000 0.500000 0.999999 0.955645 0.340018 0.924142 0.993307 0.845558 0.500000 
0.500000 0.500000 1.000000 0.955646 0.340015 0.924142 0.993307 0.845547 0.500000 
0.500000 0.500000 1.000000 0.955646 0.340014 0.924142 0.993307 0.845544 0.500000 
0.500000 0.500000 1.000000 0.955646 0.340014 0.924142 0.993307 0.845544 0.500000 
0.500000 0.500000 1.000000 0.955646 0.340014 0.924142 0.993307 0.845544 0.500000 
0.500000 0.500000 1.000000 0.955646 0.340014 0.924142 0.993307 0.845544 0.500000 
0.500000 0.500000 1.000000 0.955646 0.340014 0.924142 0.993307 0.845544 0.500000 
0.500000 0.500000 1.000000 0.955646 0.340014 0.924142 0.993307 0.845544 0.500000 
0.500000 0.500000 1.000000 0.955646 0.340014 0.924142 0.993307 0.845544 0.500000 
0.500000 0.500000 1.000000 0.955646 0.340014 0.924142 0.993307 0.845544 0.500000 
0.500000 0.500000 1.000000 0.955646 0.340014 0.924142 0.993307 0.845544 0.500000 
0.500000 0.500000 1.000000 0.955646 0.340014 0.924142 0.993307 0.845544 0.500000 
0.500000 0.500000 1.000000 0.955646 0.340014 0.924142 0.993307 0.845544 0.500000 
0.500000 0.500000 1.000000 0.955646 0.340014 0.924142 0.993307 0.845544 0.500000 
0.500000 0.500000 1.000000 0.955646 0.340014 0.924142 0.993307 0.845544 0.500000 
0.500000 0.500000 1.000000 0.955646 0.340014 0.924142 0.993307 0.845544 0.500000 
0.500000 0.500000 1.000000 0.955646 0.340014 0.924142 0.993307 0.845544 0.500000 
0.500000 0.500000 1.000000 0.955646 0.340014 0.924142 0.993307 0.845544 0.500000 
0.500000 0.500000 1.000000 0.955646 0.340014 0.924142 0.993307 0.845544 0.500000 
0.500000 0.500000 1.000000 0.955646 0.340014 0.924142 0.993307 0.845544 0.500000 
0.500000 0.500000 1.000000 0.955646 0.340014 0.924142 0.993307 0.845544 0.500000 
0.500000 0.500000 1.000000 0.955646 0.340014 0.924142 0.993307 0.845544 0.500000 
0.500000 0.500000 1.000000 0.955646 0.340014 0.924142 0.993307 0.845544 0.500000 
0.500000 0.500000 1.000000 0.955646 0.340014 0.924142 0.993307 0.845544 0.500000 
0.500000 0.500000 1.000000 0.955646 0.340014 0.924142 0.993307 0.845544 0.500000 
0.500000 0.500000 1.000000 0.955646 0.340014 0.924142 0.993307 0.845544 0.500000 
0.500000 0.500000 1.000000 0.955646 0.340014 0.924142 0.993307 0.845544 0.500000 
0.500000 0.500000 1.000000 0.955646 0.340014 0.924142 0.993307 0.845544 0.500000 
0.500000 0.500000 1.000000 0.955646 0.340014 0.924142 0.993307 0.845544 0.500000 
0.500000 0.500000 1.000000 0.955646 0.340014 0.924142 0.993307 0.845544 0.500000 
0.500000 0.500000 1.000000 0.955646 0.340014 0.924142 0.993307 0.845544 0.500000 
0.500000 0.500000 1.000000 0.955646 0.340014 0.924142 0.993307 0.845544 0.500000 
0.500000 0.500000 1.000000 0.955646 0.340014 0.924142 0.993307 0.845544 0.500000 
0.500000 0.500000 1.000000 0.955646 0.340014 0.924142 0.993307 0.845544 0.500000 
0.500000 0.500000 1.000000 0.955646 0.340014 0.924142 0.993307 0.845544 0.500000 
0.500000 0.500000 1.000000 0.955646 0.340014 0.924142 0.993307 0.845544 0.500000 
0.500000 0.500000 1.000000 0.955646 0.340014 0.924142 0.993307 0.845544 0.500000 
0.500000 0.500000 1.000000 0.955646 0.340014 0.924142 0.993307 0.845544 0.500000 
0.500000 0.500000 1.000000 0.955646 0.340014 0.924142 0.993307 0.845544 0.500000 
