0.500000 0.500000 0.500000 0.500000 0.500000 0.500000 0.500000 0.500000 0.500000 
0.500000 0.500000 0.562177 0.924142 0.622459 0.924142 0.924142 0.924142 0.500000 
0.500000 0.500000 0.431418 0.938172 0.804246 0.924142 0.943261 0.957397 0.500000 
0.500000 0.500000 0.241090 0.914303 0.879051 0.924142 0.896330 0.982385 0.500000 
0.500000 0.500000 0.172159 0.863094 0.936159 0.924142 0.769493 0.987815 0.500000 
0.500000 0.500000 0.133570 0.837904 0.944195 0.924142 0.702827 0.990814 0.500000 
0.500000 0.500000 0.126104 0.822518 0.948610 0.924142 0.661021 0.991172 0.500000 
0.500000 0.500000 0.123215 0.819203 0.948060 0.924142 0.652607 0.991363 0.500000 
0.500000 0.500000 0.123196 0.817965 0.948178 0.924142 0.649325 0.991340 0.500000 
0.500000 0.500000 0.123137 0.817933 0.948017 0.924142 0.649304 0.991345 0.500000 
0.500000 0.500000 0.123209 0.817908 0.948023 0.924142 0.649237 0.991338 0.500000 
0.500000 0.500000 0.123214 0.817937 0.948005 0.924142 0.649319 0.991338 0.500000 
0.500000 0.500000 0.123223 0.817940 0.948008 0.924142 0.649324 0.991337 0.500000 
0.500000 0.500000 0.123222 0.817943 0.948007 0.924142 0.649334 0.991337 0.500000 
0.500000 0.500000 0.123223 0.817943 0.948007 0.924142 0.649334 0.991337 0.500000 
0.500000 0.500000 0.123223 0.817943 0.948007 0.924142 0.649334 0.991337 0.500000 
0.500000 0.500000 0.123223 0.817943 0.948007 0.924142 0.649334 0.991337 0.500000 
0.500000 0.500000 0.123223 0.817943 0.948007 0.924142 0.649334 0.991337 0.500000 
0.500000 0.500000 0.123223 0.817943 0.948007 0.924142 0.649334 0.991337 0.500000 
0.500000 0.500000 0.123223 0.817943 0.948007 0.924142 0.649334 0.991337 0.500000 
0.500000 0.500000 0.123223 0.817943 0.948007 0.924142 0.649334 0.991337 0.500000 
0.500000 0.500000 0.123223 0.817943 0.948007 0.924142 0.649334 0.991337 0.500000 
0.500000 0.500000 0.123223 0.817943 0.948007 0.924142 0.649334 0.991337 0.500000 
0.993307 0.500000 0.123223 0.817943 0.948007 0.924142 0.649334 0.991337 0.500000 
0.500000 0.500000 0.421187 0.817943 0.948007 0.924142 0.649334 0.991337 0.500000 
0.500000 0.500000 0.142116 0.910120 0.847018 0.924142 0.891479 0.991337 0.500000 
0.500000 0.500000 0.183717 0.827820 0.955518 0.924142 0.670530 0.985728 0.500000 
0.500000 0.500000 0.124666 0.841418 0.936426 0.924142 0.714754 0.991654 0.500000 
0.500000 0.500000 0.129114 0.819022 0.950705 0.924142 0.650976 0.990826 0.500000 
0.500000 0.500000 0.122491 0.820345 0.947010 0.924142 0.656012 0.991452 0.500000 
0.500000 0.500000 0.123635 0.817694 0.948463 0.924142 0.648500 0.991294 0.500000 
0.500000 0.500000 0.123043 0.818106 0.947897 0.924142 0.649803 0.991357 0.500000 
0.500000 0.500000 0.123258 0.817873 0.948064 0.924142 0.649129 0.991333 0.500000 
0.500000 0.500000 0.123199 0.817956 0.947991 0.924142 0.649375 0.991340 0.500000 
0.500000 0.500000 0.123228 0.817934 0.948014 0.924142 0.649307 0.991337 0.500000 
0.500000 0.500000 0.123220 0.817945 0.948005 0.924142 0.649340 0.991338 0.500000 
0.500000 0.500000 0.123224 0.817942 0.948008 0.924142 0.649331 0.991337 0.500000 
0.500000 0.500000 0.123223 0.817944 0.948007 0.924142 0.649335 0.991337 0.500000 
0.500000 0.500000 0.123223 0.817943 0.948007 0.924142 0.649334 0.991337 0.500000 
0.500000 0.500000 0.123223 0.817943 0.948007 0.924142 0.649334 0.991337 0.500000 
0.500000 0.500000 0.123223 0.817943 0.948007 0.924142 0.649334 0.991337 0.500000 
0.500000 0.500000 0.123223 0.817943 0.948007 0.924142 0.649334 0.991337 0.500000 
0.500000 0.500000 0.123223 0.817943 0.948007 0.924142 0.649334 0.991337 0.500000 
0.500000 0.500000 0.123223 0.817943 0.948007 0.924142 0.649334 0.991337 0.500000 
0.500000 0.500000 0.123223 0.817943 0.948007 0.924142 0.649334 0.991337 0.500000 
0.500000 0.500000 0.123223 0.817943 0.948007 0.924142 0.649334 0.991337 0.500000 
0.500000 0.500000 0.123223 0.817943 0.948007 0.924142 0.649334 0.991337 0.500000 
0.500000 0.500000 0.123223 0.817943 0.948007 0.924142 0.649334 0.991337 0.500000 
0.500000 0.500000 0.123223 0.817943 0.948007 0.924142 0.649334 0.991337 0.500000 
0.500000 0.500000 0.123223 0.817943 0.948007 0.924142 0.649334 0.991337 0.500000 
0.993307 0.500000 0.123223 0.817943 0.948007 0.924142 0.649334 0.991337 0.500000 
0.500000 0.500000 0.421187 0.817943 0.948007 0.924142 0.649334 0.991337 0.500000 
0.500000 0.500000 0.142116 0.910120 0.847018 0.924142 0.891479 0.991337 0.500000 
0.500000 0.500000 0.183717 0.827820 0.955518 0.924142 0.670530 0.985728 0.500000 
0.500000 0.500000 0.124666 0.841418 0.936426 0.924142 0.714754 0.991654 0.500000 
0.500000 0.500000 0.129114 0.819022 0.950705 0.924142 0.650976 0.990826 0.500000 
0.500000 0.500000 0.122491 0.820345 0.947010 0.924142 0.656012 0.991452 0.500000 
0.500000 0.500000 0.123635 0.817694 0.948463 0.924142 0.648500 0.991294 0.500000 
0.500000 0.500000 0.123043 0.818106 0.947897 0.924142 0.649803 0.991357 0.500000 
0.500000 0.500000 0.123258 0.817873 0.948064 0.924142 0.649129 0.991333 0.500000 
0.500000 0.500000 0.123199 0.817956 0.947991 0.924142 0.649375 0.991340 0.500000 
0.500000 0.500000 0.123228 0.817934 0.948014 0.924142 0.649307 0.991337 0.500000 
0.500000 0.500000 0.123220 0.817945 0.948005 0.924142 0.649340 0.991338 0.500000 
0.500000 0.500000 0.123224 0.817942 0.948008 0.924142 0.649331 0.991337 0.500000 
0.500000 0.500000 0.123223 0.817944 0.948007 0.924142 0.649335 0.991337 0.500000 
0.500000 0.500000 0.123223 0.817943 0.948007 0.924142 0.649334 0.991337 0.500000 
0.500000 0.500000 0.123223 0.817943 0.948007 0.924142 0.649334 0.991337 0.500000 
0.500000 0.500000 0.123223 0.817943 0.948007 0.924142 0.649334 0.991337 0.500000 
0.500000 0.500000 0.123223 0.817943 0.948007 0.924142 0.649334 0.991337 0.500000 
0.500000 0.500000 0.123223 0.817943 0.948007 0.924142 0.649334 0.991337 0.500000 
0.500000 0.500000 0.123223 0.817943 0.948007 0.924142 0.649334 0.991337 0.500000 
0.500000 0.500000 0.123223 0.817943 0.948007 0.924142 0.649334 0.991337 0.500000 
0.500000 0.500000 0.123223 0.817943 0.948007 0.924142 0.649334 0.991337 0.500000 
0.500000 0.500000 0.123223 0.817943 0.948007 0.924142 0.649334 0.991337 0.500000 
0.500000 0.500000 0.123223 0.817943 0.948007 0.924142 0.649334 0.991337 0.500000 
0.500000 0.500000 0.123223 0.817943 0.948007 0.924142 0.649334 0.991337 0.500000 
0.500000 0.500000 0.123223 0.817943 0.948007 0.924142 0.649334 0.991337 0.500000 
0.993307 0.500000 0.123223 0.817943 0.948007 0.924142 0.649334 0.991337 0.500000 
0.500000 0.500000 0.421187 0.817943 0.948007 0.924142 0.649334 0.991337 0.500000 
0.500000 0.500000 0.142116 0.910120 0.847018 0.924142 0.891479 0.991337 0.500000 
0.500000 0.500000 0.183717 0.827820 0.955518 0.924142 0.670530 0.985728 0.500000 
0.500000 0.500000 0.124666 0.841418 0.936426 0.924142 0.714754 0.991654 0.500000 
0.500000 0.500000 0.129114 0.819022 0.950705 0.924142 0.650976 0.990826 0.500000 
0.500000 0.500000 0.122491 0.820345 0.947010 0.924142 0.656012 0.991452 0.500000 
0.500000 0.500000 0.123635 0.817694 0.948463 0.924142 0.648500 0.991294 0.500000 
0.500000 0.500000 0.123043 0.818106 0.947897 0.924142 0.649803 0.991357 0.500000 
0.500000 0.500000 0.123258 0.817873 0.948064 0.924142 0.649129 0.991333 0.500000 
0.500000 0.500000 0.123199 0.817956 0.947991 0.924142 0.649375 0.991340 0.500000 
0.500000 0.500000 0.123228 0.817934 0.948014 0.924142 0.649307 0.991337 0.500000 
0.500000 0.500000 0.123220 0.817945 0.948005 0.924142 0.649340 0.991338 0.500000 
0.500000 0.500000 0.123224 0.817942 0.948008 0.924142 0.649331 0.991337 0.500000 
0.500000 0.500000 0.123223 0.817944 0.948007 0.924142 0.649335 0.991337 0.500000 
0.500000 0.500000 0.123223 0.817943 0.948007 0.924142 0.649334 0.991337 0.500000 
0.500000 0.500000 0.123223 0.817943 0.948007 0.924142 0.649334 0.991337 0.500000 
0.500000 0.500000 0.123223 0.817943 0.948007 0.924142 0.649334 0.991337 0.500000 
0.500000 0.500000 0.123223 0.817943 0.948007 0.924142 0.649334 0.991337 0.500000 
0.500000 0.500000 0.123223 0.817943 0.948007 0.924142 0.649334 0.991337 0.500000 
0.500000 0.500000 0.123223 0.817943 0.948007 0.924142 0.649334 0.991337 0.500000 
0.500000 0.500000 0.123223 0.817943 0.948007 0.924142 0.649334 0.991337 0.500000 
0.500000 0.500000 0.123223 0.817943 0.948007 0.924142 0.649334 0.991337 0.500000 
0.500000 0.500000 0.123223 0.817943 0.948007 0.924142 0.649334 0.991337 0.500000 
0.500000 0.500000 0.123223 0.817943 0.948007 0.924142 0.649334 0.991337 0.500000 
0.500000 0.500000 0.123223 0.817943 0.948007 0.924142 0.649334 0.991337 0.500000 
0.500000 0.500000 0.123223 0.817943 0.948007 0.924142 0.649334 0.991337 0.500000 
