0.500000 0.500000 0.500000 0.500000 0.500000 0.500000 0.500000 0.500000 0.500000 
0.500000 0.500000 0.562177 0.924142 0.531209 0.924142 0.924142 0.924142 0.500000 
0.500000 0.500000 0.527424 0.932454 0.771904 0.924142 0.943261 0.934383 0.500000 
0.500000 0.500000 0.274192 0.932846 0.803987 0.924142 0.933213 0.979357 0.500000 
0.500000 0.500000 0.246212 0.932864 0.931855 0.924142 0.797535 0.982363 0.500000 
0.500000 0.500000 0.155189 0.932865 0.939830 0.924142 0.774004 0.990616 0.500000 
0.500000 0.500000 0.150469 0.932864 0.960109 0.924142 0.684806 0.990979 0.500000 
0.500000 0.500000 0.139168 0.932864 0.960959 0.924142 0.679689 0.991842 0.500000 
0.500000 0.500000 0.138699 0.932864 0.962923 0.924142 0.667265 0.991876 0.500000 
0.500000 0.500000 0.137646 0.932864 0.963003 0.924142 0.666744 0.991955 0.500000 
0.500000 0.500000 0.137602 0.932864 0.963181 0.924142 0.665573 0.991958 0.500000 
0.500000 0.500000 0.137507 0.932864 0.963188 0.924142 0.665525 0.991965 0.500000 
0.500000 0.500000 0.137503 0.932864 0.963204 0.924142 0.665419 0.991965 0.500000 
0.500000 0.500000 0.137495 0.932864 0.963205 0.924142 0.665414 0.991966 0.500000 
0.500000 0.500000 0.137495 0.932864 0.963206 0.924142 0.665405 0.991966 0.500000 
0.500000 0.500000 0.137494 0.932864 0.963206 0.924142 0.665404 0.991966 0.500000 
0.500000 0.500000 0.137494 0.932864 0.963206 0.924142 0.665404 0.991966 0.500000 
0.500000 0.500000 0.137494 0.932864 0.963206 0.924142 0.665404 0.991966 0.500000 
0.500000 0.500000 0.137494 0.932864 0.963206 0.924142 0.665404 0.991966 0.500000 
0.500000 0.500000 0.137494 0.932864 0.963206 0.924142 0.665404 0.991966 0.500000 
0.500000 0.500000 0.137494 0.932864 0.963206 0.924142 0.665404 0.991966 0.500000 
0.500000 0.500000 0.137494 0.932864 0.963206 0.924142 0.665404 0.991966 0.500000 
0.500000 0.500000 0.137494 0.932864 0.963206 0.924142 0.665404 0.991966 0.500000 
0.500000 0.500000 0.137494 0.932864 0.963206 0.924142 0.665404 0.991966 0.500000 
0.500000 0.500000 0.137494 0.932864 0.963206 0.924142 0.665404 0.991966 0.500000 
0.500000 0.500000 0.137494 0.932864 0.963206 0.924142 0.665404 0.991966 0.500000 
0.500000 0.500000 0.137494 0.932864 0.963206 0.924142 0.665404 0.991966 0.500000 
0.500000 0.500000 0.137494 0.932864 0.963206 0.924142 0.665404 0.991966 0.500000 
0.500000 0.500000 0.137494 0.932864 0.963206 0.924142 0.665404 0.991966 0.500000 
0.500000 0.500000 0.137494 0.932864 0.963206 0.924142 0.665404 0.991966 0.500000 
0.500000 0.500000 0.137494 0.932864 0.963206 0.924142 0.665404 0.991966 0.500000 
0.500000 0.500000 0.137494 0.932864 0.963206 0.924142 0.665404 0.991966 0.500000 
0.500000 0.500000 0.137494 0.932864 0.963206 0.924142 0.665404 0.991966 0.500000 
0.500000 0.500000 0.137494 0.932864 0.963206 0.924142 0.665404 0.991966 0.500000 
0.500000 0.500000 0.137494 0.932864 0.963206 0.924142 0.665404 0.991966 0.500000 
0.500000 0.500000 0.137494 0.932864 0.963206 0.924142 0.665404 0.991966 0.500000 
0.500000 0.500000 0.137494 0.932864 0.963206 0.924142 0.665404 0.991966 0.500000 
0.500000 0.500000 0.137494 0.932864 0.963206 0.924142 0.665404 0.991966 0.500000 
0.500000 0.500000 0.137494 0.932864 0.963206 0.924142 0.665404 0.991966 0.500000 
0.500000 0.500000 0.137494 0.932864 0.963206 0.924142 0.665404 0.991966 0.500000 
0.500000 0.500000 0.137494 0.932864 0.963206 0.924142 0.665404 0.991966 0.500000 
0.500000 0.500000 0.137494 0.932864 0.963206 0.924142 0.665404 0.991966 0.500000 
0.500000 0.500000 0.137494 0.932864 0.963206 0.924142 0.665404 0.991966 0.500000 
0.500000 0.500000 0.137494 0.932864 0.963206 0.924142 0.665404 0.991966 0.500000 
0.500000 0.500000 0.137494 0.932864 0.963206 0.924142 0.665404 0.991966 0.500000 
0.500000 0.500000 0.137494 0.932864 0.963206 0.924142 0.665404 0.991966 0.500000 
0.500000 0.500000 0.137494 0.932864 0.963206 0.924142 0.665404 0.991966 0.500000 
0.500000 0.500000 0.137494 0.932864 0.963206 0.924142 0.665404 0.991966 0.500000 
0.500000 0.500000 0.137494 0.932864 0.963206 0.924142 0.665404 0.991966 0.500000 
0.500000 0.500000 0.137494 0.932864 0.963206 0.924142 0.665404 0.991966 0.500000 
