0.500000 0.500000 0.500000 0.500000 0.500000 0.500000 0.500000 0.500000 0.500000 
0.500000 0.500000 0.754915 0.924142 0.718594 0.924142 0.924142 0.924142 0.500000 
0.500000 0.500000 0.838738 0.944665 0.568620 0.924142 0.977568 0.973220 0.500000 
0.500000 0.500000 0.929900 0.949028 0.487543 0.924142 0.985134 0.944961 0.500000 
0.500000 0.500000 0.976897 0.952775 0.409290 0.924142 0.990524 0.919658 0.500000 
0.500000 0.500000 0.994053 0.954680 0.367001 0.924142 0.992494 0.885589 0.500000 
0.500000 0.500000 0.998654 0.955387 0.350612 0.924142 0.993107 0.862357 0.500000 
0.500000 0.500000 0.999710 0.955585 0.345748 0.924142 0.993262 0.852339 0.500000 
0.500000 0.500000 0.999938 0.955632 0.344522 0.924142 0.993298 0.849251 0.500000 
0.500000 0.500000 0.999987 0.955643 0.344239 0.924142 0.993305 0.848465 0.500000 
0.500000 0.500000 0.999997 0.955645 0.344177 0.924142 0.993307 0.848283 0.500000 
0.500000 0.500000 0.999999 0.955645 0.344164 0.924142 0.993307 0.848243 0.500000 
0.500000 0.500000 1.000000 0.955646 0.344161 0.924142 0.993307 0.848234 0.500000 
0.500000 0.500000 1.000000 0.955646 0.344160 0.924142 0.993307 0.848232 0.500000 
0.500000 0.500000 1.000000 0.955646 0.344160 0.924142 0.993307 0.848232 0.500000 
0.500000 0.500000 1.000000 0.955646 0.344160 0.924142 0.993307 0.848232 0.500000 
0.500000 0.500000 1.000000 0.955646 0.344160 0.924142 0.993307 0.848232 0.500000 
0.500000 0.500000 1.000000 0.955646 0.344160 0.924142 0.993307 0.848232 0.500000 
0.500000 0.500000 1.000000 0.955646 0.344160 0.924142 0.993307 0.848232 0.500000 
0.500000 0.500000 1.000000 0.955646 0.344160 0.924142 0.993307 0.848232 0.500000 
0.500000 0.500000 1.000000 0.955646 0.344160 0.924142 0.993307 0.848232 0.500000 
0.500000 0.500000 1.000000 0.955646 0.344160 0.924142 0.993307 0.848232 0.500000 
0.500000 0.500000 1.000000 0.955646 0.344160 0.924142 0.993307 0.848232 0.500000 
0.500000 0.500000 1.000000 0.955646 0.344160 0.924142 0.993307 0.848232 0.500000 
0.500000 0.500000 1.000000 0.955646 0.344160 0.924142 0.993307 0.848232 0.500000 
0.500000 0.500000 1.000000 0.955646 0.344160 0.924142 0.993307 0.848232 0.500000 
0.500000 0.500000 1.000000 0.955646 0.344160 0.924142 0.993307 0.848232 0.500000 
0.500000 0.500000 1.000000 0.955646 0.344160 0.924142 0.993307 0.848232 0.500000 
0.500000 0.500000 1.000000 0.955646 0.344160 0.924142 0.993307 0.848232 0.500000 
0.500000 0.500000 1.000000 0.955646 0.344160 0.924142 0.993307 0.848232 0.500000 
0.500000 0.500000 1.000000 0.955646 0.344160 0.924142 0.993307 0.848232 0.500000 
0.500000 0.500000 1.000000 0.955646 0.344160 0.924142 0.993307 0.848232 0.500000 
0.500000 0.500000 1.000000 0.955646 0.344160 0.924142 0.993307 0.848232 0.500000 
0.500000 0.500000 1.000000 0.955646 0.344160 0.924142 0.993307 0.848232 0.500000 
0.500000 0.500000 1.000000 0.955646 0.344160 0.924142 0.993307 0.848232 0.500000 
0.500000 0.500000 1.000000 0.955646 0.344160 0.924142 0.993307 0.848232 0.500000 
0.500000 0.500000 1.000000 0.955646 0.344160 0.924142 0.993307 0.848232 0.500000 
0.500000 0.500000 1.000000 0.955646 0.344160 0.924142 0.993307 0.848232 0.500000 
0.500000 0.500000 1.000000 0.955646 0.344160 0.924142 0.993307 0.848232 0.500000 
0.500000 0.500000 1.000000 0.955646 0.344160 0.924142 0.993307 0.848232 0.500000 
0.500000 0.500000 1.000000 0.955646 0.344160 0.924142 0.993307 0.848232 0.500000 
0.500000 0.500000 1.000000 0.955646 0.344160 0.924142 0.993307 0.848232 0.500000 
0.500000 0.500000 1.000000 0.955646 0.344160 0.924142 0.993307 0.848232 0.500000 
0.500000 0.500000 1.000000 0.955646 0.344160 0.924142 0.993307 0.848232 0.500000 
0.500000 0.500000 1.000000 0.955646 0.344160 0.924142 0.993307 0.848232 0.500000 
0.500000 0.500000 1.000000 0.955646 0.344160 0.924142 0.993307 0.848232 0.500000 
0.500000 0.500000 1.000000 0.955646 0.344160 0.924142 0.993307 0.848232 0.500000 
0.500000 0.500000 1.000000 0.955646 0.344160 0.924142 0.993307 0.848232 0.500000 
0.500000 0.500000 1.000000 0.955646 0.344160 0.924142 0.993307 0.848232 0.500000 
0.500000 0.500000 1.000000 0.955646 0.344160 0.924142 0.993307 0.848232 0.500000 
