0.500000 0.500000 0.500000 0.500000 0.500000 0.500000 0.500000 0.500000 0.500000 
0.500000 0.500000 0.500000 0.924142 0.500000 0.924142 0.924142 0.924142 0.500000 
0.500000 0.500000 0.500000 0.977023 0.804366 0.924142 0.924142 0.924142 0.500000 
0.500000 0.500000 0.179193 0.987568 0.952749 0.924142 0.924142 0.982395 0.500000 
0.500000 0.500000 0.022192 0.973869 0.998041 0.924142 0.710119 0.991539 0.500000 
0.500000 0.500000 0.001878 0.937986 0.999963 0.924142 0.527712 0.993242 0.500000 
0.500000 0.500000 0.000154 0.900050 0.999999 0.924142 0.502347 0.993306 0.500000 
0.500000 0.500000 0.000013 0.873552 1.000000 0.924142 0.500193 0.993307 0.500000 
0.500000 0.500000 0.000001 0.858118 1.000000 0.924142 0.500016 0.993307 0.500000 
0.500000 0.500000 0.000000 0.849822 1.000000 0.924142 0.500001 0.993307 0.500000 
0.500000 0.500000 0.000000 0.845527 1.000000 0.924142 0.500000 0.993307 0.500000 
0.500000 0.500000 0.000000 0.843341 1.000000 0.924142 0.500000 0.993307 0.500000 
0.500000 0.500000 0.000000 0.842239 1.000000 0.924142 0.500000 0.993307 0.500000 
0.500000 0.500000 0.000000 0.841686 1.000000 0.924142 0.500000 0.993307 0.500000 
0.500000 0.500000 0.000000 0.841409 1.000000 0.924142 0.500000 0.993307 0.500000 
0.500000 0.500000 0.000000 0.841270 1.000000 0.924142 0.500000 0.993307 0.500000 
0.500000 0.500000 0.000000 0.841200 1.000000 0.924142 0.500000 0.993307 0.500000 
0.500000 0.500000 0.000000 0.841166 1.000000 0.924142 0.500000 0.993307 0.500000 
0.500000 0.500000 0.000000 0.841148 1.000000 0.924142 0.500000 0.993307 0.500000 
0.500000 0.500000 0.000000 0.841140 1.000000 0.924142 0.500000 0.993307 0.500000 
0.500000 0.500000 0.000000 0.841135 1.000000 0.924142 0.500000 0.993307 0.500000 
0.500000 0.500000 0.000000 0.841133 1.000000 0.924142 0.500000 0.993307 0.500000 
0.500000 0.500000 0.000000 0.841132 1.000000 0.924142 0.500000 0.993307 0.500000 
0.500000 0.500000 0.000000 0.841131 1.000000 0.924142 0.500000 0.993307 0.500000 
0.500000 0.500000 0.000000 0.841131 1.000000 0.924142 0.500000 0.993307 0.500000 
