0.993307 0.500000 0.500000 0.500000 0.500000 0.500000 0.500000 0.500000 0.500000 
0.500000 0.500000 0.947567 0.924142 0.880797 0.924142 0.924142 0.924142 0.500000 
0.500000 0.500000 0.762478 0.996627 0.913596 0.924142 0.991318 0.987919 0.500000 
0.500000 0.500000 0.637818 0.999342 0.936005 0.924142 0.978382 0.989728 0.500000 
0.500000 0.500000 0.581700 0.999688 0.944998 0.924142 0.960422 0.990807 0.500000 
0.500000 0.500000 0.558834 0.999778 0.948657 0.924142 0.948265 0.991207 0.500000 
0.500000 0.500000 0.549658 0.999812 0.950111 0.924142 0.942360 0.991365 0.500000 
0.500000 0.500000 0.545997 0.999827 0.950689 0.924142 0.939817 0.991427 0.500000 
0.500000 0.500000 0.544539 0.999836 0.950919 0.924142 0.938773 0.991452 0.500000 
0.500000 0.500000 0.543959 0.999840 0.951010 0.924142 0.938353 0.991461 0.500000 
0.500000 0.500000 0.543729 0.999843 0.951046 0.924142 0.938185 0.991465 0.500000 
0.500000 0.500000 0.543637 0.999845 0.951061 0.924142 0.938118 0.991467 0.500000 
0.500000 0.500000 0.543600 0.999846 0.951067 0.924142 0.938091 0.991468 0.500000 
0.500000 0.500000 0.543586 0.999847 0.951069 0.924142 0.938081 0.991468 0.500000 
0.500000 0.500000 0.543580 0.999848 0.951070 0.924142 0.938076 0.991468 0.500000 
0.500000 0.500000 0.543578 0.999848 0.951071 0.924142 0.938075 0.991468 0.500000 
0.500000 0.500000 0.543577 0.999849 0.951071 0.924142 0.938074 0.991468 0.500000 
0.500000 0.500000 0.543576 0.999849 0.951071 0.924142 0.938074 0.991468 0.500000 
0.500000 0.500000 0.543576 0.999849 0.951071 0.924142 0.938074 0.991468 0.500000 
0.500000 0.500000 0.543576 0.999849 0.951071 0.924142 0.938074 0.991468 0.500000 
0.500000 0.500000 0.543576 0.999849 0.951071 0.924142 0.938073 0.991468 0.500000 
0.500000 0.500000 0.543576 0.999849 0.951071 0.924142 0.938073 0.991468 0.500000 
0.500000 0.500000 0.543576 0.999849 0.951071 0.924142 0.938073 0.991468 0.500000 
0.993307 0.500000 0.543576 0.999849 0.951071 0.924142 0.938073 0.991468 0.500000 
0.500000 0.500000 0.860459 0.999849 0.951071 0.924142 0.938073 0.991468 0.500000 
0.500000 0.500000 0.661067 0.999946 0.934032 0.924142 0.986643 0.991468 0.500000 
0.500000 0.500000 0.590332 0.999949 0.943650 0.924142 0.964611 0.990716 0.500000 
0.500000 0.500000 0.562294 0.999940 0.948127 0.924142 0.950342 0.991148 0.500000 
0.500000 0.500000 0.551028 0.999925 0.949907 0.924142 0.943292 0.991343 0.500000 
0.500000 0.500000 0.546535 0.999910 0.950612 0.924142 0.940203 0.991419 0.500000 
0.500000 0.500000 0.544748 0.999896 0.950891 0.924142 0.938927 0.991448 0.500000 
0.500000 0.500000 0.544039 0.999884 0.951001 0.924142 0.938413 0.991460 0.500000 
0.500000 0.500000 0.543758 0.999875 0.951045 0.924142 0.938208 0.991465 0.500000 
0.500000 0.500000 0.543647 0.999868 0.951061 0.924142 0.938126 0.991467 0.500000 
0.500000 0.500000 0.543603 0.999862 0.951068 0.924142 0.938094 0.991468 0.500000 
0.500000 0.500000 0.543586 0.999859 0.951070 0.924142 0.938081 0.991468 0.500000 
0.500000 0.500000 0.543579 0.999856 0.951071 0.924142 0.938076 0.991468 0.500000 
0.500000 0.500000 0.543577 0.999854 0.951071 0.924142 0.938074 0.991468 0.500000 
0.500000 0.500000 0.543576 0.999853 0.951071 0.924142 0.938074 0.991468 0.500000 
0.500000 0.500000 0.543576 0.999852 0.951071 0.924142 0.938073 0.991468 0.500000 
0.500000 0.500000 0.543576 0.999851 0.951071 0.924142 0.938073 0.991468 0.500000 
0.500000 0.500000 0.543576 0.999850 0.951071 0.924142 0.938073 0.991468 0.500000 
0.500000 0.500000 0.543576 0.999850 0.951071 0.924142 0.938073 0.991468 0.500000 
0.500000 0.500000 0.543576 0.999850 0.951071 0.924142 0.938073 0.991468 0.500000 
0.500000 0.500000 0.543576 0.999850 0.951071 0.924142 0.938073 0.991468 0.500000 
0.500000 0.500000 0.543576 0.999850 0.951071 0.924142 0.938073 0.991468 0.500000 
0.500000 0.500000 0.543576 0.999850 0.951071 0.924142 0.938073 0.991468 0.500000 
0.500000 0.500000 0.543576 0.999849 0.951071 0.924142 0.938073 0.991468 0.500000 
0.500000 0.500000 0.543576 0.999849 0.951071 0.924142 0.938073 0.991468 0.500000 
0.500000 0.500000 0.543576 0.999849 0.951071 0.924142 0.938073 0.991468 0.500000 
0.993307 0.500000 0.543576 0.999849 0.951071 0.924142 0.938073 0.991468 0.500000 
0.500000 0.500000 0.860459 0.999849 0.951071 0.924142 0.938073 0.991468 0.500000 
0.500000 0.500000 0.661067 0.999946 0.934032 0.924142 0.986643 0.991468 0.500000 
0.500000 0.500000 0.590332 0.999949 0.943650 0.924142 0.964611 0.990716 0.500000 
0.500000 0.500000 0.562294 0.999940 0.948127 0.924142 0.950342 0.991148 0.500000 
0.500000 0.500000 0.551028 0.999925 0.949907 0.924142 0.943292 0.991343 0.500000 
0.500000 0.500000 0.546535 0.999910 0.950612 0.924142 0.940203 0.991419 0.500000 
0.500000 0.500000 0.544748 0.999896 0.950891 0.924142 0.938927 0.991448 0.500000 
0.500000 0.500000 0.544039 0.999884 0.951001 0.924142 0.938413 0.991460 0.500000 
0.500000 0.500000 0.543758 0.999875 0.951045 0.924142 0.938208 0.991465 0.500000 
0.500000 0.500000 0.543647 0.999868 0.951061 0.924142 0.938126 0.991467 0.500000 
0.500000 0.500000 0.543603 0.999862 0.951068 0.924142 0.938094 0.991468 0.500000 
0.500000 0.500000 0.543586 0.999859 0.951070 0.924142 0.938081 0.991468 0.500000 
0.500000 0.500000 0.543579 0.999856 0.951071 0.924142 0.938076 0.991468 0.500000 
0.500000 0.500000 0.543577 0.999854 0.951071 0.924142 0.938074 0.991468 0.500000 
0.500000 0.500000 0.543576 0.999853 0.951071 0.924142 0.938074 0.991468 0.500000 
0.500000 0.500000 0.543576 0.999852 0.951071 0.924142 0.938073 0.991468 0.500000 
0.500000 0.500000 0.543576 0.999851 0.951071 0.924142 0.938073 0.991468 0.500000 
0.500000 0.500000 0.543576 0.999850 0.951071 0.924142 0.938073 0.991468 0.500000 
0.500000 0.500000 0.543576 0.999850 0.951071 0.924142 0.938073 0.991468 0.500000 
0.500000 0.500000 0.543576 0.999850 0.951071 0.924142 0.938073 0.991468 0.500000 
0.500000 0.500000 0.543576 0.999850 0.951071 0.924142 0.938073 0.991468 0.500000 
0.500000 0.500000 0.543576 0.999850 0.951071 0.924142 0.938073 0.991468 0.500000 
0.500000 0.500000 0.543576 0.999850 0.951071 0.924142 0.938073 0.991468 0.500000 
0.500000 0.500000 0.543576 0.999849 0.951071 0.924142 0.938073 0.991468 0.500000 
0.500000 0.500000 0.543576 0.999849 0.951071 0.924142 0.938073 0.991468 0.500000 
0.500000 0.500000 0.543576 0.999849 0.951071 0.924142 0.938073 0.991468 0.500000 
0.993307 0.500000 0.543576 0.999849 0.951071 0.924142 0.938073 0.991468 0.500000 
0.500000 0.500000 0.860459 0.999849 0.951071 0.924142 0.938073 0.991468 0.500000 
0.500000 0.500000 0.661067 0.999946 0.934032 0.924142 0.986643 0.991468 0.500000 
0.500000 0.500000 0.590332 0.999949 0.943650 0.924142 0.964611 0.990716 0.500000 
0.500000 0.500000 0.562294 0.999940 0.948127 0.924142 0.950342 0.991148 0.500000 
0.500000 0.500000 0.551028 0.999925 0.949907 0.924142 0.943292 0.991343 0.500000 
0.500000 0.500000 0.546535 0.999910 0.950612 0.924142 0.940203 0.991419 0.500000 
0.500000 0.500000 0.544748 0.999896 0.950891 0.924142 0.938927 0.991448 0.500000 
0.500000 0.500000 0.544039 0.999884 0.951001 0.924142 0.938413 0.991460 0.500000 
0.500000 0.500000 0.543758 0.999875 0.951045 0.924142 0.938208 0.991465 0.500000 
0.500000 0.500000 0.543647 0.999868 0.951061 0.924142 0.938126 0.991467 0.500000 
0.500000 0.500000 0.543603 0.999862 0.951068 0.924142 0.938094 0.991468 0.500000 
0.500000 0.500000 0.543586 0.999859 0.951070 0.924142 0.938081 0.991468 0.500000 
0.500000 0.500000 0.543579 0.999856 0.951071 0.924142 0.938076 0.991468 0.500000 
0.500000 0.500000 0.543577 0.999854 0.951071 0.924142 0.938074 0.991468 0.500000 
0.500000 0.500000 0.543576 0.999853 0.951071 0.924142 0.938074 0.991468 0.500000 
0.500000 0.500000 0.543576 0.999852 0.951071 0.924142 0.938073 0.991468 0.500000 
0.500000 0.500000 0.543576 0.999851 0.951071 0.924142 0.938073 0.991468 0.500000 
0.500000 0.500000 0.543576 0.999850 0.951071 0.924142 0.938073 0.991468 0.500000 
0.500000 0.500000 0.543576 0.999850 0.951071 0.924142 0.938073 0.991468 0.500000 
0.500000 0.500000 0.543576 0.999850 0.951071 0.924142 0.938073 0.991468 0.500000 
0.500000 0.500000 0.543576 0.999850 0.951071 0.924142 0.938073 0.991468 0.500000 
0.500000 0.500000 0.543576 0.999850 0.951071 0.924142 0.938073 0.991468 0.500000 
0.500000 0.500000 0.543576 0.999850 0.951071 0.924142 0.938073 0.991468 0.500000 
0.500000 0.500000 0.543576 0.999849 0.951071 0.924142 0.938073 0.991468 0.500000 
0.500000 0.500000 0.543576 0.999849 0.951071 0.924142 0.938073 0.991468 0.500000 
0.500000 0.500000 0.543576 0.999849 0.951071 0.924142 0.938073 0.991468 0.500000 
