0.500000 0.500000 0.500000 0.500000 0.500000 0.500000 0.500000 0.500000 0.500000 
0.500000 0.500000 0.500000 0.924142 0.562177 0.924142 0.924142 0.924142 0.500000 
0.500000 0.500000 0.422899 0.925876 0.572445 0.924142 0.924142 0.943261 0.500000 
0.500000 0.500000 0.337802 0.921362 0.654527 0.924142 0.892304 0.945947 0.500000 
0.500000 0.500000 0.190658 0.916019 0.735331 0.924142 0.844094 0.963478 0.500000 
0.500000 0.500000 0.067711 0.906031 0.843413 0.924142 0.721776 0.975317 0.500000 
0.500000 0.500000 0.012876 0.896824 0.903505 0.924142 0.583839 0.985472 0.500000 
0.500000 0.500000 0.001732 0.892419 0.922956 0.924142 0.516089 0.989202 0.500000 
0.500000 0.500000 0.000209 0.891479 0.926434 0.924142 0.502164 0.990193 0.500000 
0.500000 0.500000 0.000025 0.891346 0.926897 0.924142 0.500262 0.990360 0.500000 
0.500000 0.500000 0.000003 0.891330 0.926953 0.924142 0.500031 0.990382 0.500000 
0.500000 0.500000 0.000000 0.891328 0.926959 0.924142 0.500004 0.990385 0.500000 
0.500000 0.500000 0.000000 0.891328 0.926960 0.924142 0.500000 0.990385 0.500000 
0.500000 0.500000 0.000000 0.891328 0.926960 0.924142 0.500000 0.990385 0.500000 
0.500000 0.500000 0.000000 0.891328 0.926960 0.924142 0.500000 0.990385 0.500000 
0.500000 0.500000 0.000000 0.891328 0.926960 0.924142 0.500000 0.990385 0.500000 
0.500000 0.500000 0.000000 0.891328 0.926960 0.924142 0.500000 0.990385 0.500000 
0.500000 0.500000 0.000000 0.891328 0.926960 0.924142 0.500000 0.990385 0.500000 
0.500000 0.500000 0.000000 0.891328 0.926960 0.924142 0.500000 0.990385 0.500000 
0.500000 0.500000 0.000000 0.891328 0.926960 0.924142 0.500000 0.990385 0.500000 
0.500000 0.500000 0.000000 0.891328 0.926960 0.924142 0.500000 0.990385 0.500000 
0.500000 0.500000 0.000000 0.891328 0.926960 0.924142 0.500000 0.990385 0.500000 
0.500000 0.500000 0.000000 0.891328 0.926960 0.924142 0.500000 0.990385 0.500000 
0.500000 0.500000 0.000000 0.891328 0.926960 0.924142 0.500000 0.990385 0.500000 
0.500000 0.500000 0.000000 0.891328 0.926960 0.924142 0.500000 0.990385 0.500000 
0.500000 0.500000 0.000000 0.891328 0.926960 0.924142 0.500000 0.990385 0.500000 
0.500000 0.500000 0.000000 0.891328 0.926960 0.924142 0.500000 0.990385 0.500000 
0.500000 0.500000 0.000000 0.891328 0.926960 0.924142 0.500000 0.990385 0.500000 
0.500000 0.500000 0.000000 0.891328 0.926960 0.924142 0.500000 0.990385 0.500000 
0.500000 0.500000 0.000000 0.891328 0.926960 0.924142 0.500000 0.990385 0.500000 
0.500000 0.500000 0.000000 0.891328 0.926960 0.924142 0.500000 0.990385 0.500000 
0.500000 0.500000 0.000000 0.891328 0.926960 0.924142 0.500000 0.990385 0.500000 
0.500000 0.500000 0.000000 0.891328 0.926960 0.924142 0.500000 0.990385 0.500000 
0.500000 0.500000 0.000000 0.891328 0.926960 0.924142 0.500000 0.990385 0.500000 
0.500000 0.500000 0.000000 0.891328 0.926960 0.924142 0.500000 0.990385 0.500000 
0.500000 0.500000 0.000000 0.891328 0.926960 0.924142 0.500000 0.990385 0.500000 
0.500000 0.500000 0.000000 0.891328 0.926960 0.924142 0.500000 0.990385 0.500000 
0.500000 0.500000 0.000000 0.891328 0.926960 0.924142 0.500000 0.990385 0.500000 
0.500000 0.500000 0.000000 0.891328 0.926960 0.924142 0.500000 0.990385 0.500000 
0.500000 0.500000 0.000000 0.891328 0.926960 0.924142 0.500000 0.990385 0.500000 
0.500000 0.500000 0.000000 0.891328 0.926960 0.924142 0.500000 0.990385 0.500000 
0.500000 0.500000 0.000000 0.891328 0.926960 0.924142 0.500000 0.990385 0.500000 
0.500000 0.500000 0.000000 0.891328 0.926960 0.924142 0.500000 0.990385 0.500000 
0.500000 0.500000 0.000000 0.891328 0.926960 0.924142 0.500000 0.990385 0.500000 
0.500000 0.500000 0.000000 0.891328 0.926960 0.924142 0.500000 0.990385 0.500000 
0.500000 0.500000 0.000000 0.891328 0.926960 0.924142 0.500000 0.990385 0.500000 
0.500000 0.500000 0.000000 0.891328 0.926960 0.924142 0.500000 0.990385 0.500000 
0.500000 0.500000 0.000000 0.891328 0.926960 0.924142 0.500000 0.990385 0.500000 
0.500000 0.500000 0.000000 0.891328 0.926960 0.924142 0.500000 0.990385 0.500000 
0.500000 0.500000 0.000000 0.891328 0.926960 0.924142 0.500000 0.990385 0.500000 
