0.993307 0.500000 0.500000 0.500000 0.500000 0.500000 0.500000 0.500000 0.500000 
0.500000 0.500000 0.724428 0.731059 0.222700 0.924142 0.924142 0.924142 0.500000 
0.500000 0.500000 0.405853 0.943861 0.267919 0.924142 0.973970 0.752781 0.500000 
0.500000 0.500000 0.359972 0.924475 0.768222 0.924142 0.883836 0.792423 0.500000 
0.500000 0.500000 0.070526 0.886270 0.814920 0.924142 0.858132 0.978981 0.500000 
0.500000 0.500000 0.058115 0.571963 0.911553 0.924142 0.587255 0.983285 0.500000 
0.500000 0.500000 0.040153 0.267661 0.708826 0.924142 0.572136 0.989623 0.500000 
0.500000 0.500000 0.085721 0.118805 0.328878 0.924142 0.550024 0.971918 0.500000 
0.500000 0.500000 0.301707 0.077697 0.144634 0.924142 0.605540 0.838132 0.500000 
0.500000 0.500000 0.478282 0.151446 0.054929 0.924142 0.818844 0.673304 0.500000 
0.500000 0.500000 0.569403 0.421918 0.039118 0.924142 0.916170 0.568233 0.500000 
0.500000 0.500000 0.585726 0.755208 0.099441 0.924142 0.945164 0.548742 0.500000 
0.500000 0.500000 0.526400 0.901787 0.378870 0.924142 0.949244 0.621803 0.500000 
0.500000 0.500000 0.266115 0.936080 0.649559 0.924142 0.932893 0.869251 0.500000 
0.500000 0.500000 0.108285 0.846761 0.859447 0.924142 0.790936 0.962594 0.500000 
0.500000 0.500000 0.049319 0.559226 0.884513 0.924142 0.632144 0.986577 0.500000 
0.500000 0.500000 0.044462 0.252223 0.695742 0.924142 0.561338 0.988139 0.500000 
0.500000 0.500000 0.089999 0.115225 0.307509 0.924142 0.555350 0.970076 0.500000 
0.500000 0.500000 0.320131 0.077493 0.139428 0.924142 0.610638 0.823107 0.500000 
0.500000 0.500000 0.483695 0.163394 0.051417 0.924142 0.832110 0.667553 0.500000 
0.500000 0.500000 0.572897 0.444047 0.040409 0.924142 0.918225 0.563920 0.500000 
0.500000 0.500000 0.584507 0.769795 0.108936 0.924142 0.946063 0.550340 0.500000 
0.500000 0.500000 0.516910 0.906153 0.399641 0.924142 0.948949 0.632901 0.500000 
0.993307 0.500000 0.250136 0.935344 0.663936 0.924142 0.929861 0.880608 0.500000 
0.500000 0.500000 0.574397 0.834928 0.866381 0.924142 0.777418 0.965098 0.500000 
0.500000 0.500000 0.049148 0.924607 0.586904 0.924142 0.946444 0.987028 0.500000 
0.500000 0.500000 0.132706 0.622554 0.923164 0.924142 0.561128 0.949527 0.500000 
0.500000 0.500000 0.038738 0.380792 0.710314 0.924142 0.660053 0.990203 0.500000 
0.500000 0.500000 0.085226 0.161563 0.464576 0.924142 0.548272 0.972120 0.500000 
0.500000 0.500000 0.200682 0.097394 0.181730 0.924142 0.604949 0.910754 0.500000 
0.500000 0.500000 0.440104 0.113532 0.085812 0.924142 0.731728 0.712724 0.500000 
0.500000 0.500000 0.538510 0.323422 0.038818 0.924142 0.900296 0.605649 0.500000 
0.500000 0.500000 0.585713 0.662820 0.069875 0.924142 0.936586 0.548370 0.500000 
0.500000 0.500000 0.555757 0.870082 0.269973 0.924142 0.949241 0.586466 0.500000 
0.500000 0.500000 0.359473 0.931500 0.575856 0.924142 0.941519 0.794108 0.500000 
0.500000 0.500000 0.140735 0.893247 0.806890 0.924142 0.857828 0.946813 0.500000 
0.500000 0.500000 0.060333 0.666125 0.892511 0.924142 0.669002 0.982612 0.500000 
0.500000 0.500000 0.043210 0.328531 0.791027 0.924142 0.574849 0.988599 0.500000 
0.500000 0.500000 0.063264 0.143769 0.407220 0.924142 0.553804 0.981204 0.500000 
0.500000 0.500000 0.239426 0.080712 0.176517 0.924142 0.578427 0.884536 0.500000 
0.500000 0.500000 0.445807 0.118598 0.069886 0.924142 0.768014 0.707357 0.500000 
0.500000 0.500000 0.554354 0.337378 0.038192 0.924142 0.902827 0.586479 0.500000 
0.500000 0.500000 0.586475 0.689818 0.070701 0.924142 0.941131 0.547596 0.500000 
0.500000 0.500000 0.554950 0.879940 0.297095 0.924142 0.949424 0.587467 0.500000 
0.500000 0.500000 0.334885 0.935176 0.591764 0.924142 0.941296 0.815398 0.500000 
0.500000 0.500000 0.133089 0.885214 0.823597 0.924142 0.842165 0.950679 0.500000 
0.500000 0.500000 0.056619 0.644598 0.892290 0.924142 0.660483 0.983983 0.500000 
0.500000 0.500000 0.043219 0.309996 0.774912 0.924142 0.570305 0.988586 0.500000 
0.500000 0.500000 0.067193 0.136579 0.382804 0.924142 0.553815 0.979659 0.500000 
0.500000 0.500000 0.257783 0.079086 0.167975 0.924142 0.583211 0.871470 0.500000 
0.993307 0.500000 0.454508 0.126809 0.064960 0.924142 0.783964 0.698439 0.500000 
0.500000 0.500000 0.937313 0.359372 0.038294 0.924142 0.906577 0.580494 0.500000 
0.500000 0.500000 0.592394 0.941690 0.021752 0.924142 0.990866 0.547722 0.500000 
0.500000 0.500000 0.602701 0.967994 0.563275 0.924142 0.950826 0.527163 0.500000 
0.500000 0.500000 0.148182 0.980160 0.680477 0.924142 0.953181 0.943554 0.500000 
0.500000 0.500000 0.096268 0.877710 0.921127 0.924142 0.677195 0.967779 0.500000 
0.500000 0.500000 0.038907 0.589279 0.908661 0.924142 0.618064 0.990104 0.500000 
0.500000 0.500000 0.040438 0.258693 0.738843 0.924142 0.548481 0.989474 0.500000 
0.500000 0.500000 0.076772 0.115602 0.322114 0.924142 0.550376 0.975736 0.500000 
0.500000 0.500000 0.307182 0.073069 0.146153 0.924142 0.594804 0.833491 0.500000 
0.500000 0.500000 0.476830 0.149006 0.052835 0.924142 0.822869 0.674973 0.500000 
0.500000 0.500000 0.571441 0.416893 0.038698 0.924142 0.915611 0.565662 0.500000 
0.500000 0.500000 0.586153 0.754420 0.096492 0.924142 0.945690 0.548222 0.500000 
0.500000 0.500000 0.529345 0.901712 0.376808 0.924142 0.949347 0.618328 0.500000 
0.500000 0.500000 0.267752 0.936920 0.646923 0.924142 0.933809 0.868074 0.500000 
0.500000 0.500000 0.109315 0.849093 0.859123 0.924142 0.792286 0.962116 0.500000 
0.500000 0.500000 0.049385 0.563610 0.885306 0.924142 0.633341 0.986555 0.500000 
0.500000 0.500000 0.044328 0.254644 0.700477 0.924142 0.561419 0.988185 0.500000 
0.500000 0.500000 0.088457 0.116073 0.310673 0.924142 0.555184 0.970756 0.500000 
0.500000 0.500000 0.317341 0.077356 0.140767 0.924142 0.608804 0.825400 0.500000 
0.500000 0.500000 0.482325 0.161315 0.051917 0.924142 0.830152 0.669037 0.500000 
0.500000 0.500000 0.572394 0.439719 0.040231 0.924142 0.917710 0.564534 0.500000 
0.500000 0.500000 0.584674 0.767163 0.106978 0.924142 0.945934 0.550120 0.500000 
0.500000 0.500000 0.518868 0.905340 0.395860 0.924142 0.948990 0.630623 0.500000 
0.500000 0.500000 0.252998 0.935533 0.661142 0.924142 0.930497 0.878607 0.500000 
0.500000 0.500000 0.103828 0.837189 0.865181 0.924142 0.779884 0.964624 0.500000 
0.500000 0.500000 0.048233 0.541247 0.881681 0.924142 0.626947 0.986951 0.500000 
0.993307 0.500000 0.044936 0.241755 0.676616 0.924142 0.560001 0.987972 0.500000 
0.500000 0.500000 0.557126 0.111503 0.294283 0.924142 0.555934 0.967172 0.500000 
0.500000 0.500000 0.337415 0.458296 0.029890 0.924142 0.941894 0.813272 0.500000 
0.500000 0.500000 0.592351 0.517500 0.224878 0.924142 0.843839 0.537293 0.500000 
0.500000 0.500000 0.402328 0.819176 0.166662 0.924142 0.950816 0.754802 0.500000 
0.500000 0.500000 0.457452 0.827667 0.628733 0.924142 0.882014 0.697054 0.500000 
0.500000 0.500000 0.117467 0.868263 0.643349 0.924142 0.907816 0.958658 0.500000 
0.500000 0.500000 0.109724 0.600444 0.879656 0.924142 0.642753 0.961460 0.500000 
0.500000 0.500000 0.045670 0.339335 0.693621 0.924142 0.633815 0.987851 0.500000 
0.500000 0.500000 0.090720 0.149563 0.405774 0.924142 0.556841 0.969767 0.500000 
0.500000 0.500000 0.241194 0.094232 0.166888 0.924142 0.611494 0.883795 0.500000 
0.500000 0.500000 0.455366 0.132602 0.073522 0.924142 0.769585 0.697293 0.500000 
0.500000 0.500000 0.550854 0.368683 0.039766 0.924142 0.906940 0.590882 0.500000 
0.500000 0.500000 0.584913 0.706357 0.082945 0.924142 0.940154 0.549545 0.500000 
0.500000 0.500000 0.542807 0.884831 0.319579 0.924142 0.949048 0.602220 0.500000 
0.500000 0.500000 0.315053 0.933475 0.610344 0.924142 0.937850 0.831724 0.500000 
0.500000 0.500000 0.124647 0.872606 0.833351 0.924142 0.828533 0.954857 0.500000 
0.500000 0.500000 0.054532 0.615425 0.889704 0.924142 0.650954 0.984734 0.500000 
0.500000 0.500000 0.043632 0.289417 0.749329 0.924142 0.567746 0.988439 0.500000 
0.500000 0.500000 0.073905 0.128914 0.355231 0.924142 0.554325 0.976947 0.500000 
0.500000 0.500000 0.279649 0.078140 0.157930 0.924142 0.591345 0.855221 0.500000 
0.500000 0.500000 0.464763 0.138324 0.059780 0.924142 0.801905 0.687756 0.500000 
0.500000 0.500000 0.564505 0.387774 0.038769 0.924142 0.910830 0.574174 0.500000 
0.500000 0.500000 0.586016 0.731619 0.086435 0.924142 0.943881 0.548310 0.500000 
0.500000 0.500000 0.539352 0.893982 0.347792 0.924142 0.949313 0.606393 0.500000 
0.500000 0.500000 0.291194 0.936387 0.626984 0.924142 0.936835 0.850555 0.500000 
0.500000 0.500000 0.117447 0.862762 0.847443 0.924142 0.810916 0.958310 0.500000 
