0.500000 0.500000 0.500000 0.500000 0.500000 0.500000 0.500000 0.500000 0.500000 
0.500000 0.500000 0.562177 0.924142 0.531209 0.924142 0.924142 0.924142 0.500000 
0.500000 0.500000 0.527368 0.937258 0.773004 0.924142 0.943261 0.934383 0.500000 
0.500000 0.500000 0.273188 0.930210 0.809199 0.924142 0.933195 0.979468 0.500000 
0.500000 0.500000 0.242046 0.852866 0.932842 0.924142 0.796724 0.982808 0.500000 
0.500000 0.500000 0.154739 0.839586 0.926675 0.924142 0.770340 0.990661 0.500000 
0.500000 0.500000 0.158397 0.797241 0.948182 0.924142 0.684320 0.990372 0.500000 
0.500000 0.500000 0.145918 0.799166 0.940134 0.924142 0.688257 0.991345 0.500000 
0.500000 0.500000 0.150488 0.792525 0.943640 0.924142 0.674715 0.990993 0.500000 
0.500000 0.500000 0.148482 0.794975 0.941315 0.924142 0.679710 0.991148 0.500000 
0.500000 0.500000 0.149810 0.793903 0.942255 0.924142 0.677523 0.991045 0.500000 
0.500000 0.500000 0.149272 0.794613 0.941727 0.924142 0.678972 0.991087 0.500000 
0.500000 0.500000 0.149574 0.794326 0.941990 0.924142 0.678385 0.991064 0.500000 
0.500000 0.500000 0.149424 0.794487 0.941862 0.924142 0.678714 0.991075 0.500000 
0.500000 0.500000 0.149497 0.794407 0.941929 0.924142 0.678551 0.991069 0.500000 
0.500000 0.500000 0.149458 0.794446 0.941896 0.924142 0.678630 0.991072 0.500000 
0.500000 0.500000 0.149477 0.794425 0.941913 0.924142 0.678588 0.991071 0.500000 
0.500000 0.500000 0.149468 0.794435 0.941905 0.924142 0.678609 0.991072 0.500000 
0.500000 0.500000 0.149472 0.794430 0.941909 0.924142 0.678598 0.991071 0.500000 
0.500000 0.500000 0.149470 0.794433 0.941907 0.924142 0.678604 0.991072 0.500000 
0.500000 0.500000 0.149471 0.794432 0.941908 0.924142 0.678601 0.991071 0.500000 
0.500000 0.500000 0.149471 0.794432 0.941907 0.924142 0.678602 0.991072 0.500000 
0.500000 0.500000 0.149471 0.794432 0.941907 0.924142 0.678602 0.991071 0.500000 
0.500000 0.500000 0.149471 0.794432 0.941907 0.924142 0.678602 0.991071 0.500000 
0.500000 0.500000 0.149471 0.794432 0.941907 0.924142 0.678602 0.991071 0.500000 
0.500000 0.500000 0.149471 0.794432 0.941907 0.924142 0.678602 0.991071 0.500000 
0.500000 0.500000 0.149471 0.794432 0.941907 0.924142 0.678602 0.991071 0.500000 
0.500000 0.500000 0.149471 0.794432 0.941907 0.924142 0.678602 0.991071 0.500000 
0.500000 0.500000 0.149471 0.794432 0.941907 0.924142 0.678602 0.991071 0.500000 
0.500000 0.500000 0.149471 0.794432 0.941907 0.924142 0.678602 0.991071 0.500000 
0.500000 0.500000 0.149471 0.794432 0.941907 0.924142 0.678602 0.991071 0.500000 
0.500000 0.500000 0.149471 0.794432 0.941907 0.924142 0.678602 0.991071 0.500000 
0.500000 0.500000 0.149471 0.794432 0.941907 0.924142 0.678602 0.991071 0.500000 
0.500000 0.500000 0.149471 0.794432 0.941907 0.924142 0.678602 0.991071 0.500000 
0.500000 0.500000 0.149471 0.794432 0.941907 0.924142 0.678602 0.991071 0.500000 
0.500000 0.500000 0.149471 0.794432 0.941907 0.924142 0.678602 0.991071 0.500000 
0.500000 0.500000 0.149471 0.794432 0.941907 0.924142 0.678602 0.991071 0.500000 
0.500000 0.500000 0.149471 0.794432 0.941907 0.924142 0.678602 0.991071 0.500000 
0.500000 0.500000 0.149471 0.794432 0.941907 0.924142 0.678602 0.991071 0.500000 
0.500000 0.500000 0.149471 0.794432 0.941907 0.924142 0.678602 0.991071 0.500000 
0.500000 0.500000 0.149471 0.794432 0.941907 0.924142 0.678602 0.991071 0.500000 
0.500000 0.500000 0.149471 0.794432 0.941907 0.924142 0.678602 0.991071 0.500000 
0.500000 0.500000 0.149471 0.794432 0.941907 0.924142 0.678602 0.991071 0.500000 
0.500000 0.500000 0.149471 0.794432 0.941907 0.924142 0.678602 0.991071 0.500000 
0.500000 0.500000 0.149471 0.794432 0.941907 0.924142 0.678602 0.991071 0.500000 
0.500000 0.500000 0.149471 0.794432 0.941907 0.924142 0.678602 0.991071 0.500000 
0.500000 0.500000 0.149471 0.794432 0.941907 0.924142 0.678602 0.991071 0.500000 
0.500000 0.500000 0.149471 0.794432 0.941907 0.924142 0.678602 0.991071 0.500000 
0.500000 0.500000 0.149471 0.794432 0.941907 0.924142 0.678602 0.991071 0.500000 
0.500000 0.500000 0.149471 0.794432 0.941907 0.924142 0.678602 0.991071 0.500000 
0.500000 0.500000 0.500000 0.500000 0.500000 0.500000 0.500000 0.500000 0.500000 
0.500000 0.500000 0.562177 0.924142 0.531209 0.924142 0.924142 0.924142 0.500000 
0.500000 0.500000 0.527368 0.937258 0.772785 0.924142 0.943261 0.934383 0.500000 
0.500000 0.500000 0.273384 0.930210 0.807302 0.924142 0.933195 0.979446 0.500000 
0.500000 0.500000 0.243616 0.852946 0.931873 0.924142 0.796882 0.982647 0.500000 
0.500000 0.500000 0.155310 0.840278 0.924367 0.924142 0.771725 0.990616 0.500000 
0.500000 0.500000 0.159786 0.797543 0.946900 0.924142 0.684936 0.990261 0.500000 
0.500000 0.500000 0.146638 0.799896 0.938154 0.924142 0.689745 0.991290 0.500000 
0.500000 0.500000 0.151630 0.792913 0.942103 0.924142 0.675505 0.990904 0.500000 
0.500000 0.500000 0.149359 0.795585 0.939505 0.924142 0.680952 0.991080 0.500000 
0.500000 0.500000 0.150851 0.794372 0.940607 0.924142 0.678480 0.990965 0.500000 
0.500000 0.500000 0.150216 0.795169 0.939986 0.924142 0.680105 0.991014 0.500000 
0.500000 0.500000 0.150574 0.794830 0.940303 0.924142 0.679414 0.990986 0.500000 
0.500000 0.500000 0.150391 0.795021 0.940145 0.924142 0.679803 0.991000 0.500000 
0.500000 0.500000 0.150482 0.794924 0.940229 0.924142 0.679605 0.990993 0.500000 
0.500000 0.500000 0.150434 0.794972 0.940187 0.924142 0.679704 0.990997 0.500000 
0.500000 0.500000 0.150458 0.794947 0.940209 0.924142 0.679651 0.990995 0.500000 
0.500000 0.500000 0.150445 0.794960 0.940197 0.924142 0.679677 0.990996 0.500000 
0.500000 0.500000 0.150452 0.794953 0.940203 0.924142 0.679664 0.990996 0.500000 
0.500000 0.500000 0.150449 0.794956 0.940200 0.924142 0.679671 0.990996 0.500000 
0.500000 0.500000 0.150450 0.794955 0.940202 0.924142 0.679667 0.990996 0.500000 
0.500000 0.500000 0.150449 0.794955 0.940201 0.924142 0.679669 0.990996 0.500000 
0.500000 0.500000 0.150450 0.794955 0.940201 0.924142 0.679668 0.990996 0.500000 
0.500000 0.500000 0.150450 0.794955 0.940201 0.924142 0.679669 0.990996 0.500000 
0.500000 0.500000 0.150450 0.794955 0.940201 0.924142 0.679668 0.990996 0.500000 
0.500000 0.500000 0.150450 0.794955 0.940201 0.924142 0.679669 0.990996 0.500000 
0.500000 0.500000 0.150450 0.794955 0.940201 0.924142 0.679668 0.990996 0.500000 
0.500000 0.500000 0.150450 0.794955 0.940201 0.924142 0.679668 0.990996 0.500000 
0.500000 0.500000 0.150450 0.794955 0.940201 0.924142 0.679668 0.990996 0.500000 
0.500000 0.500000 0.150450 0.794955 0.940201 0.924142 0.679668 0.990996 0.500000 
0.500000 0.500000 0.150450 0.794955 0.940201 0.924142 0.679668 0.990996 0.500000 
0.500000 0.500000 0.150450 0.794955 0.940201 0.924142 0.679668 0.990996 0.500000 
0.500000 0.500000 0.150450 0.794955 0.940201 0.924142 0.679668 0.990996 0.500000 
0.500000 0.500000 0.150450 0.794955 0.940201 0.924142 0.679668 0.990996 0.500000 
0.500000 0.500000 0.150450 0.794955 0.940201 0.924142 0.679668 0.990996 0.500000 
0.500000 0.500000 0.150450 0.794955 0.940201 0.924142 0.679668 0.990996 0.500000 
0.500000 0.500000 0.150450 0.794955 0.940201 0.924142 0.679668 0.990996 0.500000 
0.500000 0.500000 0.150450 0.794955 0.940201 0.924142 0.679668 0.990996 0.500000 
0.500000 0.500000 0.150450 0.794955 0.940201 0.924142 0.679668 0.990996 0.500000 
0.500000 0.500000 0.150450 0.794955 0.940201 0.924142 0.679668 0.990996 0.500000 
0.500000 0.500000 0.150450 0.794955 0.940201 0.924142 0.679668 0.990996 0.500000 
0.500000 0.500000 0.150450 0.794955 0.940201 0.924142 0.679668 0.990996 0.500000 
0.500000 0.500000 0.150450 0.794955 0.940201 0.924142 0.679668 0.990996 0.500000 
0.500000 0.500000 0.150450 0.794955 0.940201 0.924142 0.679668 0.990996 0.500000 
0.500000 0.500000 0.150450 0.794955 0.940201 0.924142 0.679668 0.990996 0.500000 
0.500000 0.500000 0.150450 0.794955 0.940201 0.924142 0.679668 0.990996 0.500000 
0.500000 0.500000 0.150450 0.794955 0.940201 0.924142 0.679668 0.990996 0.500000 
0.500000 0.500000 0.150450 0.794955 0.940201 0.924142 0.679668 0.990996 0.500000 
0.500000 0.500000 0.150450 0.794955 0.940201 0.924142 0.679668 0.990996 0.500000 
0.500000 0.500000 0.150450 0.794955 0.940201 0.924142 0.679668 0.990996 0.500000 
