0.500000 0.500000 0.500000 0.500000 0.500000 0.500000 0.500000 0.500000 0.500000 
0.500000 0.500000 0.562177 0.924142 0.531209 0.924142 0.924142 0.924142 0.500000 
0.500000 0.500000 0.527368 0.937258 0.771904 0.924142 0.943261 0.934383 0.500000 
0.500000 0.500000 0.274172 0.930210 0.806497 0.924142 0.933195 0.979357 0.500000 
0.500000 0.500000 0.244284 0.853270 0.931311 0.924142 0.797519 0.982579 0.500000 
0.500000 0.500000 0.155643 0.840571 0.923927 0.924142 0.772313 0.990590 0.500000 
0.500000 0.500000 0.160052 0.797719 0.946667 0.924142 0.685295 0.990240 0.500000 
0.500000 0.500000 0.146770 0.800035 0.937910 0.924142 0.690030 0.991280 0.500000 
0.500000 0.500000 0.151772 0.792984 0.941901 0.924142 0.675649 0.990893 0.500000 
0.500000 0.500000 0.149475 0.795660 0.939283 0.924142 0.681106 0.991071 0.500000 
0.500000 0.500000 0.150979 0.794434 0.940395 0.924142 0.678606 0.990955 0.500000 
0.500000 0.500000 0.150338 0.795237 0.939767 0.924142 0.680244 0.991004 0.500000 
0.500000 0.500000 0.150700 0.794896 0.940087 0.924142 0.679547 0.990976 0.500000 
0.500000 0.500000 0.150515 0.795089 0.939927 0.924142 0.679941 0.990991 0.500000 
0.500000 0.500000 0.150607 0.794990 0.940012 0.924142 0.679740 0.990983 0.500000 
0.500000 0.500000 0.150559 0.795039 0.939969 0.924142 0.679840 0.990987 0.500000 
0.500000 0.500000 0.150583 0.795013 0.939991 0.924142 0.679787 0.990985 0.500000 
0.500000 0.500000 0.150570 0.795026 0.939980 0.924142 0.679814 0.990986 0.500000 
0.500000 0.500000 0.150577 0.795020 0.939986 0.924142 0.679800 0.990986 0.500000 
0.500000 0.500000 0.150574 0.795023 0.939983 0.924142 0.679807 0.990986 0.500000 
0.500000 0.500000 0.150575 0.795021 0.939984 0.924142 0.679803 0.990986 0.500000 
0.500000 0.500000 0.150574 0.795022 0.939984 0.924142 0.679805 0.990986 0.500000 
0.500000 0.500000 0.150575 0.795022 0.939984 0.924142 0.679804 0.990986 0.500000 
0.500000 0.500000 0.150575 0.795022 0.939984 0.924142 0.679805 0.990986 0.500000 
0.500000 0.500000 0.150575 0.795022 0.939984 0.924142 0.679804 0.990986 0.500000 
0.500000 0.500000 0.150575 0.795022 0.939984 0.924142 0.679805 0.990986 0.500000 
0.500000 0.500000 0.150575 0.795022 0.939984 0.924142 0.679805 0.990986 0.500000 
0.500000 0.500000 0.150575 0.795022 0.939984 0.924142 0.679805 0.990986 0.500000 
0.500000 0.500000 0.150575 0.795022 0.939984 0.924142 0.679805 0.990986 0.500000 
0.500000 0.500000 0.150575 0.795022 0.939984 0.924142 0.679805 0.990986 0.500000 
0.500000 0.500000 0.150575 0.795022 0.939984 0.924142 0.679805 0.990986 0.500000 
0.500000 0.500000 0.150575 0.795022 0.939984 0.924142 0.679805 0.990986 0.500000 
0.500000 0.500000 0.150575 0.795022 0.939984 0.924142 0.679805 0.990986 0.500000 
0.500000 0.500000 0.150575 0.795022 0.939984 0.924142 0.679805 0.990986 0.500000 
0.500000 0.500000 0.150575 0.795022 0.939984 0.924142 0.679805 0.990986 0.500000 
0.500000 0.500000 0.150575 0.795022 0.939984 0.924142 0.679805 0.990986 0.500000 
0.500000 0.500000 0.150575 0.795022 0.939984 0.924142 0.679805 0.990986 0.500000 
0.500000 0.500000 0.150575 0.795022 0.939984 0.924142 0.679805 0.990986 0.500000 
0.500000 0.500000 0.150575 0.795022 0.939984 0.924142 0.679805 0.990986 0.500000 
0.500000 0.500000 0.150575 0.795022 0.939984 0.924142 0.679805 0.990986 0.500000 
0.500000 0.500000 0.150575 0.795022 0.939984 0.924142 0.679805 0.990986 0.500000 
0.500000 0.500000 0.150575 0.795022 0.939984 0.924142 0.679805 0.990986 0.500000 
0.500000 0.500000 0.150575 0.795022 0.939984 0.924142 0.679805 0.990986 0.500000 
0.500000 0.500000 0.150575 0.795022 0.939984 0.924142 0.679805 0.990986 0.500000 
0.500000 0.500000 0.150575 0.795022 0.939984 0.924142 0.679805 0.990986 0.500000 
0.500000 0.500000 0.150575 0.795022 0.939984 0.924142 0.679805 0.990986 0.500000 
0.500000 0.500000 0.150575 0.795022 0.939984 0.924142 0.679805 0.990986 0.500000 
0.500000 0.500000 0.150575 0.795022 0.939984 0.924142 0.679805 0.990986 0.500000 
0.500000 0.500000 0.150575 0.795022 0.939984 0.924142 0.679805 0.990986 0.500000 
0.500000 0.500000 0.150575 0.795022 0.939984 0.924142 0.679805 0.990986 0.500000 
