0.993307 0.500000 0.500000 0.500000 0.500000 0.500000 0.500000 0.500000 0.500000 
0.500000 0.500000 0.895140 0.731059 0.222700 0.924142 0.924142 0.924142 0.500000 
0.500000 0.500000 0.836258 0.975294 0.167605 0.924142 0.988746 0.752781 0.500000 
0.500000 0.500000 0.863643 0.994802 0.447519 0.924142 0.984951 0.698049 0.500000 
0.500000 0.500000 0.674450 0.998493 0.482554 0.924142 0.986852 0.903575 0.500000 
0.500000 0.500000 0.640392 0.998373 0.651334 0.924142 0.966826 0.917796 0.500000 
0.500000 0.500000 0.475129 0.997966 0.692745 0.924142 0.960908 0.962912 0.500000 
0.500000 0.500000 0.432422 0.994582 0.803478 0.924142 0.914951 0.969638 0.500000 
0.500000 0.500000 0.328135 0.986757 0.832053 0.924142 0.896795 0.982318 0.500000 
0.500000 0.500000 0.302509 0.959236 0.874937 0.924142 0.837627 0.984636 0.500000 
0.500000 0.500000 0.267351 0.902330 0.873463 0.924142 0.819438 0.987564 0.500000 
0.500000 0.500000 0.268169 0.801090 0.854347 0.924142 0.791956 0.987474 0.500000 
0.500000 0.500000 0.283447 0.693393 0.776220 0.924142 0.792629 0.986235 0.500000 
0.500000 0.500000 0.351112 0.619742 0.645491 0.924142 0.804904 0.979789 0.500000 
0.500000 0.500000 0.477988 0.645079 0.482444 0.924142 0.852653 0.961854 0.500000 
0.500000 0.500000 0.638612 0.787208 0.388271 0.924142 0.916057 0.917754 0.500000 
0.500000 0.500000 0.721640 0.931425 0.414702 0.924142 0.960572 0.874501 0.500000 
0.500000 0.500000 0.700718 0.980817 0.524213 0.924142 0.973614 0.888302 0.500000 
0.500000 0.500000 0.601485 0.991487 0.613314 0.924142 0.970790 0.932205 0.500000 
0.500000 0.500000 0.512712 0.992138 0.710613 0.924142 0.952908 0.955493 0.500000 
0.500000 0.500000 0.415337 0.988456 0.778342 0.924142 0.928479 0.972161 0.500000 
0.500000 0.500000 0.350512 0.975676 0.833994 0.924142 0.888616 0.979998 0.500000 
0.500000 0.500000 0.301083 0.944629 0.859725 0.924142 0.852276 0.984782 0.500000 
0.993307 0.500000 0.279424 0.879863 0.864204 0.924142 0.818381 0.986595 0.500000 
0.500000 0.500000 0.663307 0.784302 0.832911 0.924142 0.801726 0.986888 0.500000 
0.500000 0.500000 0.304733 0.938207 0.440427 0.924142 0.964992 0.984701 0.500000 
0.500000 0.500000 0.674814 0.873004 0.832092 0.924142 0.821077 0.900441 0.500000 
0.500000 0.500000 0.305537 0.961710 0.540715 0.924142 0.966884 0.984639 0.500000 
0.500000 0.500000 0.581499 0.907556 0.852644 0.924142 0.821667 0.937237 0.500000 
0.500000 0.500000 0.287555 0.952862 0.663311 0.924142 0.948216 0.986119 0.500000 
0.500000 0.500000 0.459510 0.885163 0.861246 0.924142 0.808110 0.964992 0.500000 
0.500000 0.500000 0.279568 0.902659 0.731078 0.924142 0.908674 0.986695 0.500000 
0.500000 0.500000 0.393225 0.811047 0.836829 0.924142 0.801841 0.974800 0.500000 
0.500000 0.500000 0.299086 0.815463 0.698977 0.924142 0.877194 0.984993 0.500000 
0.500000 0.500000 0.424476 0.737993 0.753014 0.924142 0.816892 0.970542 0.500000 
0.500000 0.500000 0.373998 0.793684 0.578294 0.924142 0.893060 0.977359 0.500000 
0.500000 0.500000 0.545294 0.788029 0.666190 0.924142 0.866457 0.947423 0.500000 
0.500000 0.500000 0.459354 0.895260 0.525158 0.924142 0.938571 0.965476 0.500000 
0.500000 0.500000 0.598144 0.908770 0.706539 0.924142 0.908609 0.932503 0.500000 
0.500000 0.500000 0.420145 0.956885 0.631396 0.924142 0.952153 0.971604 0.500000 
0.500000 0.500000 0.492799 0.941066 0.797014 0.924142 0.890974 0.959183 0.500000 
0.500000 0.500000 0.334401 0.948015 0.753489 0.924142 0.921579 0.981748 0.500000 
0.500000 0.500000 0.372656 0.900644 0.843090 0.924142 0.841843 0.977411 0.500000 
0.500000 0.500000 0.293682 0.870609 0.796905 0.924142 0.865679 0.985449 0.500000 
0.500000 0.500000 0.332612 0.786316 0.811818 0.924142 0.812815 0.981738 0.500000 
0.500000 0.500000 0.319899 0.745558 0.713741 0.924142 0.840648 0.983028 0.500000 
0.500000 0.500000 0.410353 0.700994 0.668078 0.924142 0.831948 0.972581 0.500000 
0.500000 0.500000 0.456128 0.759180 0.534617 0.924142 0.886126 0.965789 0.500000 
0.500000 0.500000 0.588986 0.829823 0.553129 0.924142 0.907261 0.935420 0.500000 
0.500000 0.500000 0.572261 0.927841 0.527222 0.924142 0.950023 0.940791 0.500000 
0.993307 0.500000 0.597250 0.958873 0.656377 0.924142 0.945900 0.933150 0.500000 
0.500000 0.500000 0.820949 0.975651 0.683242 0.924142 0.951949 0.963802 0.500000 
0.500000 0.500000 0.445779 0.994449 0.520440 0.924142 0.983773 0.968207 0.500000 
0.500000 0.500000 0.602541 0.987391 0.805369 0.924142 0.902815 0.931003 0.500000 
0.500000 0.500000 0.327984 0.989699 0.725136 0.924142 0.953145 0.982482 0.500000 
0.500000 0.500000 0.399460 0.965627 0.869615 0.924142 0.837524 0.974060 0.500000 
0.500000 0.500000 0.272389 0.944389 0.834765 0.924142 0.880513 0.987233 0.500000 
0.500000 0.500000 0.299667 0.863475 0.873312 0.924142 0.796075 0.984840 0.500000 
0.500000 0.500000 0.268600 0.784055 0.811777 0.924142 0.817326 0.987464 0.500000 
0.500000 0.500000 0.319271 0.678223 0.755161 0.924142 0.792983 0.983025 0.500000 
0.500000 0.500000 0.370933 0.649829 0.595392 0.924142 0.831508 0.977595 0.500000 
0.500000 0.500000 0.528257 0.687287 0.497377 0.924142 0.864674 0.951522 0.500000 
0.500000 0.500000 0.625187 0.844554 0.398069 0.924142 0.933472 0.923217 0.500000 
0.500000 0.500000 0.713581 0.943251 0.498316 0.924142 0.957950 0.879780 0.500000 
0.500000 0.500000 0.626180 0.982628 0.554297 0.924142 0.972559 0.923550 0.500000 
0.500000 0.500000 0.571499 0.988521 0.677721 0.924142 0.958149 0.941115 0.500000 
0.500000 0.500000 0.448186 0.988754 0.734327 0.924142 0.945705 0.967346 0.500000 
0.500000 0.500000 0.391887 0.979657 0.814087 0.924142 0.903865 0.975196 0.500000 
0.500000 0.500000 0.318485 0.959750 0.842156 0.924142 0.876472 0.983217 0.500000 
0.500000 0.500000 0.293959 0.909908 0.864302 0.924142 0.830957 0.985382 0.500000 
0.500000 0.500000 0.275685 0.830413 0.846295 0.924142 0.813026 0.986894 0.500000 
0.500000 0.500000 0.290112 0.729169 0.795394 0.924142 0.798738 0.985677 0.500000 
0.500000 0.500000 0.333917 0.655623 0.682705 0.924142 0.810085 0.981602 0.500000 
0.500000 0.500000 0.440847 0.650282 0.546374 0.924142 0.841520 0.968124 0.500000 
0.500000 0.500000 0.577404 0.757392 0.432182 0.924142 0.900629 0.938881 0.500000 
0.500000 0.500000 0.684470 0.898797 0.435056 0.924142 0.947201 0.896684 0.500000 
0.500000 0.500000 0.682984 0.969264 0.518045 0.924142 0.968396 0.898008 0.500000 
0.993307 0.500000 0.607185 0.987012 0.613748 0.924142 0.968168 0.930230 0.500000 
0.500000 0.500000 0.844713 0.989722 0.701871 0.924142 0.954171 0.955585 0.500000 
0.500000 0.500000 0.427870 0.997324 0.519425 0.924142 0.985565 0.970953 0.500000 
0.500000 0.500000 0.603339 0.991706 0.817104 0.924142 0.894669 0.930676 0.500000 
0.500000 0.500000 0.317730 0.992350 0.730376 0.924142 0.953323 0.983464 0.500000 
0.500000 0.500000 0.394331 0.970529 0.875376 0.924142 0.830426 0.974714 0.500000 
0.500000 0.500000 0.267804 0.948717 0.841232 0.924142 0.877789 0.987591 0.500000 
0.500000 0.500000 0.294218 0.867778 0.877935 0.924142 0.792329 0.985315 0.500000 
0.500000 0.500000 0.264932 0.783826 0.818531 0.924142 0.813223 0.987747 0.500000 
0.500000 0.500000 0.313388 0.674000 0.758140 0.924142 0.789956 0.983579 0.500000 
0.500000 0.500000 0.368093 0.640002 0.595656 0.924142 0.827347 0.977919 0.500000 
0.500000 0.500000 0.527964 0.677701 0.487608 0.924142 0.863004 0.951583 0.500000 
0.500000 0.500000 0.634295 0.840249 0.385960 0.924142 0.933381 0.919682 0.500000 
0.500000 0.500000 0.723455 0.944461 0.483700 0.924142 0.959747 0.873227 0.500000 
0.500000 0.500000 0.639873 0.983709 0.545794 0.924142 0.973847 0.918227 0.500000 
0.500000 0.500000 0.579951 0.989747 0.667602 0.924142 0.960810 0.938715 0.500000 
0.500000 0.500000 0.458301 0.990035 0.728820 0.924142 0.947834 0.965710 0.500000 
0.500000 0.500000 0.397247 0.982200 0.809225 0.924142 0.908171 0.974521 0.500000 
0.500000 0.500000 0.322770 0.964210 0.840926 0.924142 0.879344 0.982811 0.500000 
0.500000 0.500000 0.295022 0.918295 0.865048 0.924142 0.833945 0.985293 0.500000 
0.500000 0.500000 0.275099 0.841401 0.851281 0.924142 0.813833 0.986942 0.500000 
0.500000 0.500000 0.286016 0.739540 0.805123 0.924142 0.798266 0.986025 0.500000 
0.500000 0.500000 0.325274 0.659392 0.698150 0.924142 0.806914 0.982461 0.500000 
0.500000 0.500000 0.425583 0.643085 0.560293 0.924142 0.835671 0.970423 0.500000 
0.500000 0.500000 0.563610 0.738861 0.437853 0.924142 0.893587 0.942755 0.500000 
0.500000 0.500000 0.679428 0.885552 0.424746 0.924142 0.943644 0.899281 0.500000 
0.500000 0.500000 0.691795 0.965424 0.504857 0.924142 0.967615 0.893188 0.500000 
