0.500000 0.500000 0.500000 0.500000 0.500000 0.500000 0.500000 0.500000 0.500000 
0.500000 0.500000 0.718594 0.924142 0.500000 0.924142 0.924142 0.924142 0.500000 
0.500000 0.500000 0.855851 0.966398 0.258958 0.924142 0.973220 0.924142 0.500000 
0.500000 0.500000 0.964218 0.978321 0.149467 0.924142 0.986336 0.784957 0.500000 
0.500000 0.500000 0.993290 0.984276 0.092550 0.924142 0.992006 0.678598 0.500000 
0.500000 0.500000 0.998781 0.985941 0.080885 0.924142 0.993080 0.613666 0.500000 
0.500000 0.500000 0.999748 0.986323 0.078825 0.924142 0.993267 0.599750 0.500000 
0.500000 0.500000 0.999939 0.986402 0.078468 0.924142 0.993299 0.597276 0.500000 
0.500000 0.500000 0.999983 0.986418 0.078397 0.924142 0.993305 0.596845 0.500000 
0.500000 0.500000 0.999995 0.986422 0.078381 0.924142 0.993307 0.596761 0.500000 
0.500000 0.500000 0.999998 0.986423 0.078377 0.924142 0.993307 0.596741 0.500000 
0.500000 0.500000 0.999999 0.986423 0.078376 0.924142 0.993307 0.596736 0.500000 
0.500000 0.500000 1.000000 0.986423 0.078375 0.924142 0.993307 0.596735 0.500000 
0.500000 0.500000 1.000000 0.986423 0.078375 0.924142 0.993307 0.596734 0.500000 
0.500000 0.500000 1.000000 0.986423 0.078375 0.924142 0.993307 0.596734 0.500000 
0.500000 0.500000 1.000000 0.986423 0.078375 0.924142 0.993307 0.596734 0.500000 
0.500000 0.500000 1.000000 0.986423 0.078375 0.924142 0.993307 0.596734 0.500000 
0.500000 0.500000 1.000000 0.986423 0.078375 0.924142 0.993307 0.596734 0.500000 
0.500000 0.500000 1.000000 0.986423 0.078375 0.924142 0.993307 0.596734 0.500000 
0.500000 0.500000 1.000000 0.986423 0.078375 0.924142 0.993307 0.596734 0.500000 
0.500000 0.500000 1.000000 0.986423 0.078375 0.924142 0.993307 0.596734 0.500000 
0.500000 0.500000 1.000000 0.986423 0.078375 0.924142 0.993307 0.596734 0.500000 
0.500000 0.500000 1.000000 0.986423 0.078375 0.924142 0.993307 0.596734 0.500000 
0.500000 0.500000 1.000000 0.986423 0.078375 0.924142 0.993307 0.596734 0.500000 
0.500000 0.500000 1.000000 0.986423 0.078375 0.924142 0.993307 0.596734 0.500000 
0.500000 0.500000 1.000000 0.986423 0.078375 0.924142 0.993307 0.596734 0.500000 
0.500000 0.500000 1.000000 0.986423 0.078375 0.924142 0.993307 0.596734 0.500000 
0.500000 0.500000 1.000000 0.986423 0.078375 0.924142 0.993307 0.596734 0.500000 
0.500000 0.500000 1.000000 0.986423 0.078375 0.924142 0.993307 0.596734 0.500000 
0.500000 0.500000 1.000000 0.986423 0.078375 0.924142 0.993307 0.596734 0.500000 
0.500000 0.500000 1.000000 0.986423 0.078375 0.924142 0.993307 0.596734 0.500000 
0.500000 0.500000 1.000000 0.986423 0.078375 0.924142 0.993307 0.596734 0.500000 
0.500000 0.500000 1.000000 0.986423 0.078375 0.924142 0.993307 0.596734 0.500000 
0.500000 0.500000 1.000000 0.986423 0.078375 0.924142 0.993307 0.596734 0.500000 
0.500000 0.500000 1.000000 0.986423 0.078375 0.924142 0.993307 0.596734 0.500000 
0.500000 0.500000 1.000000 0.986423 0.078375 0.924142 0.993307 0.596734 0.500000 
0.500000 0.500000 1.000000 0.986423 0.078375 0.924142 0.993307 0.596734 0.500000 
0.500000 0.500000 1.000000 0.986423 0.078375 0.924142 0.993307 0.596734 0.500000 
0.500000 0.500000 1.000000 0.986423 0.078375 0.924142 0.993307 0.596734 0.500000 
0.500000 0.500000 1.000000 0.986423 0.078375 0.924142 0.993307 0.596734 0.500000 
0.500000 0.500000 1.000000 0.986423 0.078375 0.924142 0.993307 0.596734 0.500000 
0.500000 0.500000 1.000000 0.986423 0.078375 0.924142 0.993307 0.596734 0.500000 
0.500000 0.500000 1.000000 0.986423 0.078375 0.924142 0.993307 0.596734 0.500000 
0.500000 0.500000 1.000000 0.986423 0.078375 0.924142 0.993307 0.596734 0.500000 
0.500000 0.500000 1.000000 0.986423 0.078375 0.924142 0.993307 0.596734 0.500000 
0.500000 0.500000 1.000000 0.986423 0.078375 0.924142 0.993307 0.596734 0.500000 
0.500000 0.500000 1.000000 0.986423 0.078375 0.924142 0.993307 0.596734 0.500000 
0.500000 0.500000 1.000000 0.986423 0.078375 0.924142 0.993307 0.596734 0.500000 
0.500000 0.500000 1.000000 0.986423 0.078375 0.924142 0.993307 0.596734 0.500000 
0.500000 0.500000 1.000000 0.986423 0.078375 0.924142 0.993307 0.596734 0.500000 
