0.500000 0.993307 0.500000 0.500000 0.500000 0.500000 0.500000 0.500000 0.500000 
0.500000 0.993307 0.888170 0.970304 0.947567 0.993081 0.924142 0.924142 0.500000 
0.500000 0.993307 0.924659 0.996021 0.941593 0.993081 0.988351 0.991318 0.500000 
0.500000 0.993307 0.945254 0.997852 0.938711 0.993081 0.990275 0.991058 0.500000 
0.500000 0.993307 0.957383 0.998270 0.935788 0.993081 0.991218 0.990929 0.500000 
0.500000 0.993307 0.964997 0.998419 0.933908 0.993081 0.991731 0.990797 0.500000 
0.500000 0.993307 0.969966 0.998489 0.932691 0.993081 0.992037 0.990711 0.500000 
0.500000 0.993307 0.973316 0.998528 0.931883 0.993081 0.992231 0.990654 0.500000 
0.500000 0.993307 0.975635 0.998553 0.931333 0.993081 0.992359 0.990617 0.500000 
0.500000 0.993307 0.977275 0.998569 0.930950 0.993081 0.992447 0.990591 0.500000 
0.500000 0.993307 0.978454 0.998580 0.930678 0.993081 0.992508 0.990573 0.500000 
0.500000 0.993307 0.979313 0.998587 0.930482 0.993081 0.992552 0.990561 0.500000 
0.500000 0.993307 0.979944 0.998593 0.930339 0.993081 0.992583 0.990552 0.500000 
0.500000 0.993307 0.980412 0.998597 0.930234 0.993081 0.992606 0.990545 0.500000 
0.500000 0.993307 0.980761 0.998600 0.930155 0.993081 0.992624 0.990540 0.500000 
0.500000 0.993307 0.981022 0.998602 0.930097 0.993081 0.992636 0.990536 0.500000 
0.500000 0.993307 0.981219 0.998604 0.930053 0.993081 0.992646 0.990534 0.500000 
0.500000 0.993307 0.981367 0.998605 0.930021 0.993081 0.992653 0.990531 0.500000 
0.500000 0.993307 0.981478 0.998606 0.929996 0.993081 0.992658 0.990530 0.500000 
0.500000 0.993307 0.981563 0.998607 0.929977 0.993081 0.992662 0.990529 0.500000 
0.500000 0.993307 0.981627 0.998607 0.929963 0.993081 0.992666 0.990528 0.500000 
0.500000 0.993307 0.981675 0.998607 0.929952 0.993081 0.992668 0.990527 0.500000 
0.500000 0.993307 0.981712 0.998608 0.929944 0.993081 0.992670 0.990527 0.500000 
0.500000 0.993307 0.981740 0.998608 0.929938 0.993081 0.992671 0.990526 0.500000 
0.500000 0.993307 0.981761 0.998608 0.929933 0.993081 0.992672 0.990526 0.500000 
