0.500000 0.500000 0.500000 0.500000 0.500000 0.500000 0.500000 0.500000 0.500000 
0.500000 0.500000 0.531209 0.924142 0.531209 0.924142 0.924142 0.924142 0.500000 
0.500000 0.500000 0.494502 0.983703 0.756486 0.924142 0.934383 0.934383 0.500000 
0.500000 0.500000 0.250955 0.992914 0.813106 0.924142 0.922192 0.977739 0.500000 
0.500000 0.500000 0.202105 0.990669 0.934152 0.924142 0.778125 0.983135 0.500000 
0.500000 0.500000 0.124449 0.987150 0.946759 0.924142 0.733123 0.990722 0.500000 
0.500000 0.500000 0.117470 0.980116 0.962221 0.924142 0.650729 0.991284 0.500000 
0.500000 0.500000 0.110003 0.973638 0.962726 0.924142 0.642756 0.991927 0.500000 
0.500000 0.500000 0.109696 0.968074 0.963359 0.924142 0.634139 0.991947 0.500000 
0.500000 0.500000 0.109399 0.964174 0.962872 0.924142 0.633782 0.991972 0.500000 
0.500000 0.500000 0.109622 0.961582 0.962540 0.924142 0.633438 0.991953 0.500000 
0.500000 0.500000 0.109778 0.959969 0.962246 0.924142 0.633697 0.991940 0.500000 
0.500000 0.500000 0.109916 0.958990 0.962059 0.924142 0.633878 0.991928 0.500000 
0.500000 0.500000 0.110004 0.958409 0.961938 0.924142 0.634038 0.991920 0.500000 
0.500000 0.500000 0.110062 0.958068 0.961864 0.924142 0.634141 0.991915 0.500000 
0.500000 0.500000 0.110096 0.957870 0.961820 0.924142 0.634207 0.991913 0.500000 
0.500000 0.500000 0.110117 0.957755 0.961794 0.924142 0.634248 0.991911 0.500000 
0.500000 0.500000 0.110130 0.957689 0.961779 0.924142 0.634272 0.991910 0.500000 
0.500000 0.500000 0.110137 0.957651 0.961770 0.924142 0.634286 0.991909 0.500000 
0.500000 0.500000 0.110141 0.957629 0.961765 0.924142 0.634294 0.991909 0.500000 
0.500000 0.500000 0.110143 0.957616 0.961762 0.924142 0.634299 0.991909 0.500000 
0.500000 0.500000 0.110145 0.957609 0.961760 0.924142 0.634302 0.991908 0.500000 
0.500000 0.500000 0.110146 0.957604 0.961759 0.924142 0.634304 0.991908 0.500000 
0.500000 0.500000 0.110146 0.957602 0.961759 0.924142 0.634304 0.991908 0.500000 
0.500000 0.500000 0.110146 0.957601 0.961759 0.924142 0.634305 0.991908 0.500000 
0.500000 0.500000 0.110146 0.957600 0.961758 0.924142 0.634305 0.991908 0.500000 
0.500000 0.500000 0.110147 0.957599 0.961758 0.924142 0.634306 0.991908 0.500000 
0.500000 0.500000 0.110147 0.957599 0.961758 0.924142 0.634306 0.991908 0.500000 
0.500000 0.500000 0.110147 0.957599 0.961758 0.924142 0.634306 0.991908 0.500000 
0.500000 0.500000 0.110147 0.957599 0.961758 0.924142 0.634306 0.991908 0.500000 
0.500000 0.500000 0.110147 0.957599 0.961758 0.924142 0.634306 0.991908 0.500000 
0.500000 0.500000 0.110147 0.957599 0.961758 0.924142 0.634306 0.991908 0.500000 
0.500000 0.500000 0.110147 0.957599 0.961758 0.924142 0.634306 0.991908 0.500000 
0.500000 0.500000 0.110147 0.957599 0.961758 0.924142 0.634306 0.991908 0.500000 
0.500000 0.500000 0.110147 0.957599 0.961758 0.924142 0.634306 0.991908 0.500000 
0.500000 0.500000 0.110147 0.957599 0.961758 0.924142 0.634306 0.991908 0.500000 
0.500000 0.500000 0.110147 0.957599 0.961758 0.924142 0.634306 0.991908 0.500000 
0.500000 0.500000 0.110147 0.957599 0.961758 0.924142 0.634306 0.991908 0.500000 
0.500000 0.500000 0.110147 0.957599 0.961758 0.924142 0.634306 0.991908 0.500000 
0.500000 0.500000 0.110147 0.957599 0.961758 0.924142 0.634306 0.991908 0.500000 
0.500000 0.500000 0.110147 0.957599 0.961758 0.924142 0.634306 0.991908 0.500000 
0.500000 0.500000 0.110147 0.957599 0.961758 0.924142 0.634306 0.991908 0.500000 
0.500000 0.500000 0.110147 0.957599 0.961758 0.924142 0.634306 0.991908 0.500000 
0.500000 0.500000 0.110147 0.957599 0.961758 0.924142 0.634306 0.991908 0.500000 
0.500000 0.500000 0.110147 0.957599 0.961758 0.924142 0.634306 0.991908 0.500000 
0.500000 0.500000 0.110147 0.957599 0.961758 0.924142 0.634306 0.991908 0.500000 
0.500000 0.500000 0.110147 0.957599 0.961758 0.924142 0.634306 0.991908 0.500000 
0.500000 0.500000 0.110147 0.957599 0.961758 0.924142 0.634306 0.991908 0.500000 
0.500000 0.500000 0.110147 0.957599 0.961758 0.924142 0.634306 0.991908 0.500000 
0.500000 0.500000 0.110147 0.957599 0.961758 0.924142 0.634306 0.991908 0.500000 
