0.500000 0.500000 0.500000 0.500000 0.500000 0.500000 0.500000 0.500000 0.500000 
0.500000 0.500000 0.562177 0.924142 0.500000 0.924142 0.924142 0.924142 0.500000 
0.500000 0.500000 0.568320 0.940257 0.433079 0.924142 0.943261 0.924142 0.500000 
0.500000 0.500000 0.640755 0.941712 0.419368 0.924142 0.944883 0.897099 0.500000 
0.500000 0.500000 0.661662 0.942244 0.333364 0.924142 0.960976 0.890596 0.500000 
0.500000 0.500000 0.744013 0.942408 0.302747 0.924142 0.964713 0.841151 0.500000 
0.500000 0.500000 0.776317 0.942861 0.220954 0.924142 0.976341 0.819614 0.500000 
0.500000 0.500000 0.836189 0.943076 0.187829 0.924142 0.979798 0.751152 0.500000 
0.500000 0.500000 0.860300 0.943412 0.143819 0.924142 0.984946 0.718927 0.500000 
0.500000 0.500000 0.884381 0.943571 0.126042 0.924142 0.986633 0.672408 0.500000 
0.500000 0.500000 0.894379 0.943713 0.111842 0.924142 0.988131 0.652537 0.500000 
0.500000 0.500000 0.901174 0.943779 0.105685 0.924142 0.988703 0.636270 0.500000 
0.500000 0.500000 0.904258 0.943821 0.101934 0.924142 0.989077 0.629115 0.500000 
0.500000 0.500000 0.906008 0.943841 0.100167 0.924142 0.989242 0.624729 0.500000 
0.500000 0.500000 0.906856 0.943852 0.099207 0.924142 0.989335 0.622656 0.500000 
0.500000 0.500000 0.907304 0.943858 0.098734 0.924142 0.989379 0.621527 0.500000 
0.500000 0.500000 0.907527 0.943861 0.098488 0.924142 0.989403 0.620971 0.500000 
0.500000 0.500000 0.907643 0.943862 0.098364 0.924142 0.989415 0.620681 0.500000 
0.500000 0.500000 0.907701 0.943863 0.098301 0.924142 0.989421 0.620535 0.500000 
0.500000 0.500000 0.907731 0.943863 0.098268 0.924142 0.989424 0.620460 0.500000 
0.500000 0.500000 0.907746 0.943863 0.098252 0.924142 0.989425 0.620423 0.500000 
0.500000 0.500000 0.907753 0.943863 0.098244 0.924142 0.989426 0.620403 0.500000 
0.500000 0.500000 0.907757 0.943863 0.098240 0.924142 0.989426 0.620394 0.500000 
0.500000 0.500000 0.907759 0.943864 0.098237 0.924142 0.989427 0.620389 0.500000 
0.500000 0.500000 0.907760 0.943864 0.098236 0.924142 0.989427 0.620386 0.500000 
0.500000 0.500000 0.907761 0.943864 0.098236 0.924142 0.989427 0.620385 0.500000 
0.500000 0.500000 0.907761 0.943864 0.098235 0.924142 0.989427 0.620384 0.500000 
0.500000 0.500000 0.907761 0.943864 0.098235 0.924142 0.989427 0.620384 0.500000 
0.500000 0.500000 0.907761 0.943864 0.098235 0.924142 0.989427 0.620384 0.500000 
0.500000 0.500000 0.907761 0.943864 0.098235 0.924142 0.989427 0.620383 0.500000 
0.500000 0.500000 0.907761 0.943864 0.098235 0.924142 0.989427 0.620383 0.500000 
0.500000 0.500000 0.907761 0.943864 0.098235 0.924142 0.989427 0.620383 0.500000 
0.500000 0.500000 0.907761 0.943864 0.098235 0.924142 0.989427 0.620383 0.500000 
0.500000 0.500000 0.907761 0.943864 0.098235 0.924142 0.989427 0.620383 0.500000 
0.500000 0.500000 0.907761 0.943864 0.098235 0.924142 0.989427 0.620383 0.500000 
0.500000 0.500000 0.907761 0.943864 0.098235 0.924142 0.989427 0.620383 0.500000 
0.500000 0.500000 0.907761 0.943864 0.098235 0.924142 0.989427 0.620383 0.500000 
0.500000 0.500000 0.907761 0.943864 0.098235 0.924142 0.989427 0.620383 0.500000 
0.500000 0.500000 0.907761 0.943864 0.098235 0.924142 0.989427 0.620383 0.500000 
0.500000 0.500000 0.907761 0.943864 0.098235 0.924142 0.989427 0.620383 0.500000 
0.500000 0.500000 0.907761 0.943864 0.098235 0.924142 0.989427 0.620383 0.500000 
0.500000 0.500000 0.907761 0.943864 0.098235 0.924142 0.989427 0.620383 0.500000 
0.500000 0.500000 0.907761 0.943864 0.098235 0.924142 0.989427 0.620383 0.500000 
0.500000 0.500000 0.907761 0.943864 0.098235 0.924142 0.989427 0.620383 0.500000 
0.500000 0.500000 0.907761 0.943864 0.098235 0.924142 0.989427 0.620383 0.500000 
0.500000 0.500000 0.907761 0.943864 0.098235 0.924142 0.989427 0.620383 0.500000 
0.500000 0.500000 0.907761 0.943864 0.098235 0.924142 0.989427 0.620383 0.500000 
0.500000 0.500000 0.907761 0.943864 0.098235 0.924142 0.989427 0.620383 0.500000 
0.500000 0.500000 0.907761 0.943864 0.098235 0.924142 0.989427 0.620383 0.500000 
0.500000 0.500000 0.907761 0.943864 0.098235 0.924142 0.989427 0.620383 0.500000 
