0.500000 0.500000 0.500000 0.500000 0.500000 0.500000 0.500000 0.500000 0.500000 
0.500000 0.500000 0.562177 0.924142 0.531209 0.924142 0.924142 0.924142 0.500000 
0.500000 0.500000 0.527368 0.937244 0.776159 0.924142 0.943261 0.934383 0.500000 
0.500000 0.500000 0.270378 0.930193 0.810372 0.924142 0.933195 0.979783 0.500000 
0.500000 0.500000 0.241079 0.851674 0.933988 0.924142 0.794439 0.982907 0.500000 
0.500000 0.500000 0.154066 0.839136 0.926019 0.924142 0.769483 0.990714 0.500000 
0.500000 0.500000 0.158790 0.796858 0.947777 0.924142 0.683592 0.990340 0.500000 
0.500000 0.500000 0.146145 0.799351 0.939074 0.924142 0.688679 0.991327 0.500000 
0.500000 0.500000 0.151098 0.792625 0.942871 0.924142 0.674964 0.990945 0.500000 
0.500000 0.500000 0.148921 0.795280 0.940345 0.924142 0.680374 0.991114 0.500000 
0.500000 0.500000 0.150367 0.794115 0.941413 0.924142 0.678001 0.991002 0.500000 
0.500000 0.500000 0.149754 0.794889 0.940817 0.924142 0.679578 0.991050 0.500000 
0.500000 0.500000 0.150096 0.794562 0.941122 0.924142 0.678911 0.991023 0.500000 
0.500000 0.500000 0.149921 0.794744 0.940971 0.924142 0.679283 0.991037 0.500000 
0.500000 0.500000 0.150007 0.794651 0.941051 0.924142 0.679093 0.991030 0.500000 
0.500000 0.500000 0.149961 0.794697 0.941011 0.924142 0.679187 0.991034 0.500000 
0.500000 0.500000 0.149984 0.794672 0.941032 0.924142 0.679137 0.991032 0.500000 
0.500000 0.500000 0.149973 0.794685 0.941021 0.924142 0.679162 0.991033 0.500000 
0.500000 0.500000 0.149979 0.794678 0.941026 0.924142 0.679149 0.991032 0.500000 
0.500000 0.500000 0.149976 0.794682 0.941024 0.924142 0.679155 0.991032 0.500000 
0.500000 0.500000 0.149977 0.794680 0.941025 0.924142 0.679152 0.991032 0.500000 
0.500000 0.500000 0.149976 0.794681 0.941024 0.924142 0.679154 0.991032 0.500000 
0.500000 0.500000 0.149977 0.794680 0.941025 0.924142 0.679153 0.991032 0.500000 
0.500000 0.500000 0.149977 0.794681 0.941025 0.924142 0.679153 0.991032 0.500000 
0.500000 0.500000 0.149977 0.794681 0.941025 0.924142 0.679153 0.991032 0.500000 
0.500000 0.500000 0.149977 0.794681 0.941025 0.924142 0.679153 0.991032 0.500000 
0.500000 0.500000 0.149977 0.794681 0.941025 0.924142 0.679153 0.991032 0.500000 
0.500000 0.500000 0.149977 0.794681 0.941025 0.924142 0.679153 0.991032 0.500000 
0.500000 0.500000 0.149977 0.794681 0.941025 0.924142 0.679153 0.991032 0.500000 
0.500000 0.500000 0.149977 0.794681 0.941025 0.924142 0.679153 0.991032 0.500000 
0.500000 0.500000 0.149977 0.794681 0.941025 0.924142 0.679153 0.991032 0.500000 
0.500000 0.500000 0.149977 0.794681 0.941025 0.924142 0.679153 0.991032 0.500000 
0.500000 0.500000 0.149977 0.794681 0.941025 0.924142 0.679153 0.991032 0.500000 
0.500000 0.500000 0.149977 0.794681 0.941025 0.924142 0.679153 0.991032 0.500000 
0.500000 0.500000 0.149977 0.794681 0.941025 0.924142 0.679153 0.991032 0.500000 
0.500000 0.500000 0.149977 0.794681 0.941025 0.924142 0.679153 0.991032 0.500000 
0.500000 0.500000 0.149977 0.794681 0.941025 0.924142 0.679153 0.991032 0.500000 
0.500000 0.500000 0.149977 0.794681 0.941025 0.924142 0.679153 0.991032 0.500000 
0.500000 0.500000 0.149977 0.794681 0.941025 0.924142 0.679153 0.991032 0.500000 
0.500000 0.500000 0.149977 0.794681 0.941025 0.924142 0.679153 0.991032 0.500000 
0.500000 0.500000 0.149977 0.794681 0.941025 0.924142 0.679153 0.991032 0.500000 
0.500000 0.500000 0.149977 0.794681 0.941025 0.924142 0.679153 0.991032 0.500000 
0.500000 0.500000 0.149977 0.794681 0.941025 0.924142 0.679153 0.991032 0.500000 
0.500000 0.500000 0.149977 0.794681 0.941025 0.924142 0.679153 0.991032 0.500000 
0.500000 0.500000 0.149977 0.794681 0.941025 0.924142 0.679153 0.991032 0.500000 
0.500000 0.500000 0.149977 0.794681 0.941025 0.924142 0.679153 0.991032 0.500000 
0.500000 0.500000 0.149977 0.794681 0.941025 0.924142 0.679153 0.991032 0.500000 
0.500000 0.500000 0.149977 0.794681 0.941025 0.924142 0.679153 0.991032 0.500000 
0.500000 0.500000 0.149977 0.794681 0.941025 0.924142 0.679153 0.991032 0.500000 
0.500000 0.500000 0.149977 0.794681 0.941025 0.924142 0.679153 0.991032 0.500000 
