0.500000 0.500000 0.500000 0.500000 0.500000 0.500000 0.500000 0.500000 0.500000 
0.500000 0.500000 0.500000 0.924142 0.500000 0.924142 0.924142 0.924142 0.500000 
0.500000 0.500000 0.500000 0.985936 0.760742 0.924142 0.924142 0.924142 0.500000 
0.500000 0.500000 0.213542 0.995827 0.791971 0.924142 0.924142 0.978198 0.500000 
0.500000 0.500000 0.059325 0.995556 0.942563 0.924142 0.744161 0.981291 0.500000 
0.500000 0.500000 0.006852 0.992398 0.972956 0.924142 0.573617 0.991100 0.500000 
0.500000 0.500000 0.000648 0.986941 0.979051 0.924142 0.508564 0.992346 0.500000 
0.500000 0.500000 0.000059 0.980593 0.979432 0.924142 0.500810 0.992574 0.500000 
0.500000 0.500000 0.000005 0.974390 0.979144 0.924142 0.500074 0.992588 0.500000 
0.500000 0.500000 0.000000 0.968933 0.978798 0.924142 0.500007 0.992577 0.500000 
0.500000 0.500000 0.000000 0.964459 0.978484 0.924142 0.500001 0.992564 0.500000 
0.500000 0.500000 0.000000 0.960965 0.978223 0.924142 0.500000 0.992553 0.500000 
0.500000 0.500000 0.000000 0.958325 0.978016 0.924142 0.500000 0.992543 0.500000 
0.500000 0.500000 0.000000 0.956377 0.977859 0.924142 0.500000 0.992535 0.500000 
0.500000 0.500000 0.000000 0.954961 0.977742 0.924142 0.500000 0.992529 0.500000 
0.500000 0.500000 0.000000 0.953945 0.977657 0.924142 0.500000 0.992525 0.500000 
0.500000 0.500000 0.000000 0.953220 0.977595 0.924142 0.500000 0.992522 0.500000 
0.500000 0.500000 0.000000 0.952706 0.977551 0.924142 0.500000 0.992520 0.500000 
0.500000 0.500000 0.000000 0.952344 0.977520 0.924142 0.500000 0.992518 0.500000 
0.500000 0.500000 0.000000 0.952088 0.977498 0.924142 0.500000 0.992517 0.500000 
0.500000 0.500000 0.000000 0.951908 0.977482 0.924142 0.500000 0.992516 0.500000 
0.500000 0.500000 0.000000 0.951782 0.977471 0.924142 0.500000 0.992516 0.500000 
0.500000 0.500000 0.000000 0.951694 0.977464 0.924142 0.500000 0.992515 0.500000 
0.500000 0.500000 0.000000 0.951632 0.977458 0.924142 0.500000 0.992515 0.500000 
0.500000 0.500000 0.000000 0.951588 0.977455 0.924142 0.500000 0.992515 0.500000 
0.500000 0.500000 0.000000 0.951558 0.977452 0.924142 0.500000 0.992514 0.500000 
0.500000 0.500000 0.000000 0.951537 0.977450 0.924142 0.500000 0.992514 0.500000 
0.500000 0.500000 0.000000 0.951522 0.977449 0.924142 0.500000 0.992514 0.500000 
0.500000 0.500000 0.000000 0.951511 0.977448 0.924142 0.500000 0.992514 0.500000 
0.500000 0.500000 0.000000 0.951504 0.977447 0.924142 0.500000 0.992514 0.500000 
0.500000 0.500000 0.000000 0.951499 0.977447 0.924142 0.500000 0.992514 0.500000 
0.500000 0.500000 0.000000 0.951495 0.977446 0.924142 0.500000 0.992514 0.500000 
0.500000 0.500000 0.000000 0.951493 0.977446 0.924142 0.500000 0.992514 0.500000 
0.500000 0.500000 0.000000 0.951491 0.977446 0.924142 0.500000 0.992514 0.500000 
0.500000 0.500000 0.000000 0.951490 0.977446 0.924142 0.500000 0.992514 0.500000 
0.500000 0.500000 0.000000 0.951489 0.977446 0.924142 0.500000 0.992514 0.500000 
0.500000 0.500000 0.000000 0.951488 0.977446 0.924142 0.500000 0.992514 0.500000 
0.500000 0.500000 0.000000 0.951488 0.977446 0.924142 0.500000 0.992514 0.500000 
0.500000 0.500000 0.000000 0.951488 0.977446 0.924142 0.500000 0.992514 0.500000 
0.500000 0.500000 0.000000 0.951487 0.977446 0.924142 0.500000 0.992514 0.500000 
0.500000 0.500000 0.000000 0.951487 0.977446 0.924142 0.500000 0.992514 0.500000 
0.500000 0.500000 0.000000 0.951487 0.977446 0.924142 0.500000 0.992514 0.500000 
0.500000 0.500000 0.000000 0.951487 0.977446 0.924142 0.500000 0.992514 0.500000 
0.500000 0.500000 0.000000 0.951487 0.977446 0.924142 0.500000 0.992514 0.500000 
0.500000 0.500000 0.000000 0.951487 0.977446 0.924142 0.500000 0.992514 0.500000 
0.500000 0.500000 0.000000 0.951487 0.977446 0.924142 0.500000 0.992514 0.500000 
0.500000 0.500000 0.000000 0.951487 0.977446 0.924142 0.500000 0.992514 0.500000 
0.500000 0.500000 0.000000 0.951487 0.977446 0.924142 0.500000 0.992514 0.500000 
0.500000 0.500000 0.000000 0.951487 0.977446 0.924142 0.500000 0.992514 0.500000 
0.500000 0.500000 0.000000 0.951487 0.977446 0.924142 0.500000 0.992514 0.500000 
