0.500000 0.500000 0.500000 0.500000 0.500000 0.500000 0.500000 0.500000 0.500000 
0.500000 0.500000 0.500000 0.924142 0.562177 0.924142 0.924142 0.924142 0.500000 
0.500000 0.500000 0.422899 0.989013 0.739865 0.924142 0.924142 0.943261 0.500000 
0.500000 0.500000 0.231042 0.997135 0.819633 0.924142 0.892304 0.975857 0.500000 
0.500000 0.500000 0.166562 0.998198 0.916250 0.924142 0.760462 0.983668 0.500000 
0.500000 0.500000 0.109355 0.998472 0.936113 0.924142 0.696949 0.989862 0.500000 
0.500000 0.500000 0.099613 0.998390 0.949911 0.924142 0.633386 0.990811 0.500000 
0.500000 0.500000 0.093505 0.998268 0.951949 0.924142 0.622004 0.991419 0.500000 
0.500000 0.500000 0.092586 0.998128 0.953181 0.924142 0.614798 0.991505 0.500000 
0.500000 0.500000 0.092061 0.998002 0.953353 0.924142 0.613709 0.991557 0.500000 
0.500000 0.500000 0.091983 0.997892 0.953448 0.924142 0.613086 0.991564 0.500000 
0.500000 0.500000 0.091943 0.997798 0.953454 0.924142 0.612995 0.991568 0.500000 
0.500000 0.500000 0.091940 0.997720 0.953454 0.924142 0.612947 0.991568 0.500000 
0.500000 0.500000 0.091940 0.997656 0.953448 0.924142 0.612943 0.991568 0.500000 
0.500000 0.500000 0.091943 0.997603 0.953443 0.924142 0.612943 0.991568 0.500000 
0.500000 0.500000 0.091945 0.997560 0.953438 0.924142 0.612946 0.991568 0.500000 
0.500000 0.500000 0.091947 0.997525 0.953434 0.924142 0.612949 0.991567 0.500000 
0.500000 0.500000 0.091949 0.997497 0.953431 0.924142 0.612951 0.991567 0.500000 
0.500000 0.500000 0.091950 0.997474 0.953428 0.924142 0.612953 0.991567 0.500000 
0.500000 0.500000 0.091951 0.997455 0.953426 0.924142 0.612955 0.991567 0.500000 
0.500000 0.500000 0.091952 0.997441 0.953424 0.924142 0.612956 0.991567 0.500000 
0.500000 0.500000 0.091953 0.997429 0.953423 0.924142 0.612957 0.991567 0.500000 
0.500000 0.500000 0.091953 0.997419 0.953422 0.924142 0.612958 0.991567 0.500000 
0.500000 0.500000 0.091954 0.997411 0.953421 0.924142 0.612959 0.991567 0.500000 
0.500000 0.500000 0.091954 0.997405 0.953420 0.924142 0.612959 0.991567 0.500000 
0.500000 0.500000 0.091955 0.997400 0.953419 0.924142 0.612960 0.991567 0.500000 
0.500000 0.500000 0.091955 0.997396 0.953419 0.924142 0.612960 0.991567 0.500000 
0.500000 0.500000 0.091955 0.997393 0.953419 0.924142 0.612961 0.991567 0.500000 
0.500000 0.500000 0.091955 0.997391 0.953418 0.924142 0.612961 0.991567 0.500000 
0.500000 0.500000 0.091955 0.997389 0.953418 0.924142 0.612961 0.991567 0.500000 
0.500000 0.500000 0.091955 0.997387 0.953418 0.924142 0.612961 0.991567 0.500000 
0.500000 0.500000 0.091955 0.997386 0.953418 0.924142 0.612961 0.991567 0.500000 
0.500000 0.500000 0.091956 0.997385 0.953418 0.924142 0.612961 0.991567 0.500000 
0.500000 0.500000 0.091956 0.997384 0.953417 0.924142 0.612961 0.991567 0.500000 
0.500000 0.500000 0.091956 0.997383 0.953417 0.924142 0.612961 0.991567 0.500000 
0.500000 0.500000 0.091956 0.997383 0.953417 0.924142 0.612962 0.991567 0.500000 
0.500000 0.500000 0.091956 0.997382 0.953417 0.924142 0.612962 0.991567 0.500000 
0.500000 0.500000 0.091956 0.997382 0.953417 0.924142 0.612962 0.991567 0.500000 
0.500000 0.500000 0.091956 0.997382 0.953417 0.924142 0.612962 0.991567 0.500000 
0.500000 0.500000 0.091956 0.997381 0.953417 0.924142 0.612962 0.991567 0.500000 
0.500000 0.500000 0.091956 0.997381 0.953417 0.924142 0.612962 0.991567 0.500000 
0.500000 0.500000 0.091956 0.997381 0.953417 0.924142 0.612962 0.991567 0.500000 
0.500000 0.500000 0.091956 0.997381 0.953417 0.924142 0.612962 0.991567 0.500000 
0.500000 0.500000 0.091956 0.997381 0.953417 0.924142 0.612962 0.991567 0.500000 
0.500000 0.500000 0.091956 0.997381 0.953417 0.924142 0.612962 0.991567 0.500000 
0.500000 0.500000 0.091956 0.997381 0.953417 0.924142 0.612962 0.991567 0.500000 
0.500000 0.500000 0.091956 0.997381 0.953417 0.924142 0.612962 0.991567 0.500000 
0.500000 0.500000 0.091956 0.997381 0.953417 0.924142 0.612962 0.991567 0.500000 
0.500000 0.500000 0.091956 0.997381 0.953417 0.924142 0.612962 0.991567 0.500000 
0.500000 0.500000 0.091956 0.997381 0.953417 0.924142 0.612962 0.991567 0.500000 
