0.993307 0.500000 0.500000 0.500000 0.500000 0.500000 0.500000 0.500000 0.500000 
0.500000 0.500000 0.869252 0.924142 0.622459 0.924142 0.924142 0.924142 0.500000 
0.500000 0.500000 0.472121 0.997545 0.546055 0.924142 0.987210 0.957397 0.500000 
0.500000 0.500000 0.507897 0.999782 0.877644 0.924142 0.913774 0.938790 0.500000 
0.500000 0.500000 0.190581 0.999982 0.864263 0.924142 0.926864 0.987730 0.500000 
0.500000 0.500000 0.177437 0.999997 0.957701 0.924142 0.721699 0.986892 0.500000 
0.500000 0.500000 0.123139 0.999999 0.960269 0.924142 0.708309 0.991744 0.500000 
0.500000 0.500000 0.117376 1.000000 0.967796 0.924142 0.649239 0.991848 0.500000 
0.500000 0.500000 0.113364 1.000000 0.968573 0.924142 0.642649 0.992147 0.500000 
0.500000 0.500000 0.112619 1.000000 0.969066 0.924142 0.638029 0.992177 0.500000 
0.500000 0.500000 0.112324 1.000000 0.969160 0.924142 0.637169 0.992196 0.500000 
0.500000 0.500000 0.112252 1.000000 0.969196 0.924142 0.636827 0.992200 0.500000 
0.500000 0.500000 0.112229 1.000000 0.969205 0.924142 0.636744 0.992201 0.500000 
0.500000 0.500000 0.112222 1.000000 0.969208 0.924142 0.636717 0.992202 0.500000 
0.500000 0.500000 0.112220 1.000000 0.969208 0.924142 0.636710 0.992202 0.500000 
0.500000 0.500000 0.112220 1.000000 0.969209 0.924142 0.636708 0.992202 0.500000 
0.500000 0.500000 0.112220 1.000000 0.969209 0.924142 0.636707 0.992202 0.500000 
0.500000 0.500000 0.112220 1.000000 0.969209 0.924142 0.636707 0.992202 0.500000 
0.500000 0.500000 0.112220 1.000000 0.969209 0.924142 0.636707 0.992202 0.500000 
0.500000 0.500000 0.112220 1.000000 0.969209 0.924142 0.636707 0.992202 0.500000 
0.500000 0.500000 0.112220 1.000000 0.969209 0.924142 0.636707 0.992202 0.500000 
0.500000 0.500000 0.112220 1.000000 0.969209 0.924142 0.636707 0.992202 0.500000 
0.500000 0.500000 0.112220 1.000000 0.969209 0.924142 0.636707 0.992202 0.500000 
0.924142 0.500000 0.112220 1.000000 0.969209 0.924142 0.636707 0.992202 0.500000 
0.500000 0.500000 0.341985 1.000000 0.969209 0.924142 0.636707 0.992202 0.500000 
0.500000 0.500000 0.127096 1.000000 0.926231 0.924142 0.846827 0.992202 0.500000 
0.500000 0.500000 0.134618 1.000000 0.967091 0.924142 0.653731 0.990351 0.500000 
0.500000 0.500000 0.115272 1.000000 0.966397 0.924142 0.662195 0.992120 0.500000 
0.500000 0.500000 0.113791 1.000000 0.968815 0.924142 0.640230 0.992092 0.500000 
0.500000 0.500000 0.112553 1.000000 0.969017 0.924142 0.638522 0.992187 0.500000 
0.500000 0.500000 0.112339 1.000000 0.969167 0.924142 0.637092 0.992194 0.500000 
0.500000 0.500000 0.112250 1.000000 0.969194 0.924142 0.636845 0.992200 0.500000 
0.500000 0.500000 0.112229 1.000000 0.969205 0.924142 0.636742 0.992201 0.500000 
0.500000 0.500000 0.112222 1.000000 0.969208 0.924142 0.636718 0.992202 0.500000 
0.500000 0.500000 0.112220 1.000000 0.969208 0.924142 0.636710 0.992202 0.500000 
0.500000 0.500000 0.112220 1.000000 0.969209 0.924142 0.636708 0.992202 0.500000 
0.500000 0.500000 0.112220 1.000000 0.969209 0.924142 0.636707 0.992202 0.500000 
0.500000 0.500000 0.112220 1.000000 0.969209 0.924142 0.636707 0.992202 0.500000 
0.500000 0.500000 0.112220 1.000000 0.969209 0.924142 0.636707 0.992202 0.500000 
0.500000 0.500000 0.112220 1.000000 0.969209 0.924142 0.636707 0.992202 0.500000 
0.500000 0.500000 0.112220 1.000000 0.969209 0.924142 0.636707 0.992202 0.500000 
0.500000 0.500000 0.112220 1.000000 0.969209 0.924142 0.636707 0.992202 0.500000 
0.500000 0.500000 0.112220 1.000000 0.969209 0.924142 0.636707 0.992202 0.500000 
0.500000 0.500000 0.112220 1.000000 0.969209 0.924142 0.636707 0.992202 0.500000 
0.500000 0.500000 0.112220 1.000000 0.969209 0.924142 0.636707 0.992202 0.500000 
0.500000 0.500000 0.112220 1.000000 0.969209 0.924142 0.636707 0.992202 0.500000 
0.500000 0.500000 0.112220 1.000000 0.969209 0.924142 0.636707 0.992202 0.500000 
0.500000 0.500000 0.112220 1.000000 0.969209 0.924142 0.636707 0.992202 0.500000 
0.500000 0.500000 0.112220 1.000000 0.969209 0.924142 0.636707 0.992202 0.500000 
0.500000 0.500000 0.112220 1.000000 0.969209 0.924142 0.636707 0.992202 0.500000 
0.993307 0.500000 0.112220 1.000000 0.969209 0.924142 0.636707 0.992202 0.500000 
0.500000 0.500000 0.395582 1.000000 0.969209 0.924142 0.636707 0.992202 0.500000 
0.500000 0.500000 0.129676 1.000000 0.910177 0.924142 0.878458 0.992202 0.500000 
0.500000 0.500000 0.143542 1.000000 0.966692 0.924142 0.656645 0.989552 0.500000 
0.500000 0.500000 0.116219 1.000000 0.965215 0.924142 0.672102 0.992104 0.500000 
0.500000 0.500000 0.114423 1.000000 0.968690 0.924142 0.641319 0.992046 0.500000 
0.500000 0.500000 0.112672 1.000000 0.968939 0.924142 0.639251 0.992182 0.500000 
0.500000 0.500000 0.112386 1.000000 0.969152 0.924142 0.637229 0.992191 0.500000 
0.500000 0.500000 0.112262 1.000000 0.969188 0.924142 0.636899 0.992200 0.500000 
0.500000 0.500000 0.112233 1.000000 0.969204 0.924142 0.636755 0.992201 0.500000 
0.500000 0.500000 0.112223 1.000000 0.969207 0.924142 0.636722 0.992202 0.500000 
0.500000 0.500000 0.112221 1.000000 0.969208 0.924142 0.636711 0.992202 0.500000 
0.500000 0.500000 0.112220 1.000000 0.969209 0.924142 0.636708 0.992202 0.500000 
0.500000 0.500000 0.112220 1.000000 0.969209 0.924142 0.636707 0.992202 0.500000 
0.500000 0.500000 0.112220 1.000000 0.969209 0.924142 0.636707 0.992202 0.500000 
0.500000 0.500000 0.112220 1.000000 0.969209 0.924142 0.636707 0.992202 0.500000 
0.500000 0.500000 0.112220 1.000000 0.969209 0.924142 0.636707 0.992202 0.500000 
0.500000 0.500000 0.112220 1.000000 0.969209 0.924142 0.636707 0.992202 0.500000 
0.500000 0.500000 0.112220 1.000000 0.969209 0.924142 0.636707 0.992202 0.500000 
0.500000 0.500000 0.112220 1.000000 0.969209 0.924142 0.636707 0.992202 0.500000 
0.500000 0.500000 0.112220 1.000000 0.969209 0.924142 0.636707 0.992202 0.500000 
0.500000 0.500000 0.112220 1.000000 0.969209 0.924142 0.636707 0.992202 0.500000 
0.500000 0.500000 0.112220 1.000000 0.969209 0.924142 0.636707 0.992202 0.500000 
0.500000 0.500000 0.112220 1.000000 0.969209 0.924142 0.636707 0.992202 0.500000 
0.500000 0.500000 0.112220 1.000000 0.969209 0.924142 0.636707 0.992202 0.500000 
0.500000 0.500000 0.112220 1.000000 0.969209 0.924142 0.636707 0.992202 0.500000 
0.500000 0.500000 0.112220 1.000000 0.969209 0.924142 0.636707 0.992202 0.500000 
0.924142 0.500000 0.112220 1.000000 0.969209 0.924142 0.636707 0.992202 0.500000 
0.500000 0.500000 0.341985 1.000000 0.969209 0.924142 0.636707 0.992202 0.500000 
0.500000 0.500000 0.127096 1.000000 0.926231 0.924142 0.846827 0.992202 0.500000 
0.500000 0.500000 0.134618 1.000000 0.967091 0.924142 0.653731 0.990351 0.500000 
0.500000 0.500000 0.115272 1.000000 0.966397 0.924142 0.662195 0.992120 0.500000 
0.500000 0.500000 0.113791 1.000000 0.968815 0.924142 0.640230 0.992092 0.500000 
0.500000 0.500000 0.112553 1.000000 0.969017 0.924142 0.638522 0.992187 0.500000 
0.500000 0.500000 0.112339 1.000000 0.969167 0.924142 0.637092 0.992194 0.500000 
0.500000 0.500000 0.112250 1.000000 0.969194 0.924142 0.636845 0.992200 0.500000 
0.500000 0.500000 0.112229 1.000000 0.969205 0.924142 0.636742 0.992201 0.500000 
0.500000 0.500000 0.112222 1.000000 0.969208 0.924142 0.636718 0.992202 0.500000 
0.500000 0.500000 0.112220 1.000000 0.969208 0.924142 0.636710 0.992202 0.500000 
0.500000 0.500000 0.112220 1.000000 0.969209 0.924142 0.636708 0.992202 0.500000 
0.500000 0.500000 0.112220 1.000000 0.969209 0.924142 0.636707 0.992202 0.500000 
0.500000 0.500000 0.112220 1.000000 0.969209 0.924142 0.636707 0.992202 0.500000 
0.500000 0.500000 0.112220 1.000000 0.969209 0.924142 0.636707 0.992202 0.500000 
0.500000 0.500000 0.112220 1.000000 0.969209 0.924142 0.636707 0.992202 0.500000 
0.500000 0.500000 0.112220 1.000000 0.969209 0.924142 0.636707 0.992202 0.500000 
0.500000 0.500000 0.112220 1.000000 0.969209 0.924142 0.636707 0.992202 0.500000 
0.500000 0.500000 0.112220 1.000000 0.969209 0.924142 0.636707 0.992202 0.500000 
0.500000 0.500000 0.112220 1.000000 0.969209 0.924142 0.636707 0.992202 0.500000 
0.500000 0.500000 0.112220 1.000000 0.969209 0.924142 0.636707 0.992202 0.500000 
0.500000 0.500000 0.112220 1.000000 0.969209 0.924142 0.636707 0.992202 0.500000 
0.500000 0.500000 0.112220 1.000000 0.969209 0.924142 0.636707 0.992202 0.500000 
0.500000 0.500000 0.112220 1.000000 0.969209 0.924142 0.636707 0.992202 0.500000 
0.500000 0.500000 0.112220 1.000000 0.969209 0.924142 0.636707 0.992202 0.500000 
0.500000 0.500000 0.112220 1.000000 0.969209 0.924142 0.636707 0.992202 0.500000 
