0.500000 0.777300 0.500000 0.500000 0.500000 0.500000 0.500000 0.500000 0.500000 
0.500000 0.777300 0.613528 0.950835 0.613528 0.979895 0.924142 0.924142 0.500000 
0.500000 0.777300 0.588240 0.998172 0.865236 0.979895 0.955538 0.955538 0.500000 
0.500000 0.777300 0.267505 0.999929 0.971833 0.979895 0.949846 0.986954 0.500000 
0.500000 0.777300 0.051941 0.999992 0.998923 0.979895 0.792082 0.992303 0.500000 
0.500000 0.924142 0.007127 0.999998 0.999986 0.979895 0.564563 0.993271 0.500000 
0.500000 0.924142 0.001193 1.000000 1.000000 0.990250 0.508907 0.993307 0.500000 
0.500000 0.924142 0.000199 1.000000 1.000000 0.990250 0.501492 0.993307 0.500000 
0.500000 0.924142 0.000033 1.000000 1.000000 0.990250 0.500249 0.993307 0.500000 
0.500000 0.924142 0.000006 1.000000 1.000000 0.990250 0.500041 0.993307 0.500000 
0.500000 0.977023 0.000001 1.000000 1.000000 0.990250 0.500007 0.993307 0.500000 
0.500000 0.977023 0.000000 1.000000 1.000000 0.992498 0.500001 0.993307 0.500000 
0.500000 0.977023 0.000000 1.000000 1.000000 0.992498 0.500000 0.993307 0.500000 
0.500000 0.977023 0.000000 1.000000 1.000000 0.992498 0.500000 0.993307 0.500000 
0.500000 0.977023 0.000000 1.000000 1.000000 0.992498 0.500000 0.993307 0.500000 
0.500000 0.993307 0.000000 1.000000 1.000000 0.992498 0.500000 0.993307 0.500000 
0.500000 0.993307 0.000000 1.000000 1.000000 0.993081 0.500000 0.993307 0.500000 
0.500000 0.993307 0.000000 1.000000 1.000000 0.993081 0.500000 0.993307 0.500000 
0.500000 0.993307 0.000000 1.000000 1.000000 0.993081 0.500000 0.993307 0.500000 
0.500000 0.993307 0.000000 1.000000 1.000000 0.993081 0.500000 0.993307 0.500000 
0.500000 0.777300 0.500000 0.500000 0.500000 0.500000 0.500000 0.500000 0.500000 
0.500000 0.777300 0.613528 0.950835 0.613528 0.979895 0.924142 0.924142 0.500000 
0.500000 0.777300 0.588240 0.998172 0.865236 0.979895 0.955538 0.955538 0.500000 
0.500000 0.777300 0.267505 0.999929 0.971833 0.979895 0.949846 0.986954 0.500000 
0.500000 0.777300 0.051941 0.999992 0.998923 0.979895 0.792082 0.992303 0.500000 
0.500000 0.924142 0.007127 0.999998 0.999986 0.979895 0.564563 0.993271 0.500000 
0.500000 0.924142 0.001193 1.000000 1.000000 0.990250 0.508907 0.993307 0.500000 
0.500000 0.924142 0.000199 1.000000 1.000000 0.990250 0.501492 0.993307 0.500000 
0.500000 0.924142 0.000033 1.000000 1.000000 0.990250 0.500249 0.993307 0.500000 
0.500000 0.924142 0.000006 1.000000 1.000000 0.990250 0.500041 0.993307 0.500000 
0.500000 0.977023 0.000001 1.000000 1.000000 0.990250 0.500007 0.993307 0.500000 
0.500000 0.977023 0.000000 1.000000 1.000000 0.992498 0.500001 0.993307 0.500000 
0.500000 0.977023 0.000000 1.000000 1.000000 0.992498 0.500000 0.993307 0.500000 
0.500000 0.977023 0.000000 1.000000 1.000000 0.992498 0.500000 0.993307 0.500000 
0.500000 0.977023 0.000000 1.000000 1.000000 0.992498 0.500000 0.993307 0.500000 
0.500000 0.993307 0.000000 1.000000 1.000000 0.992498 0.500000 0.993307 0.500000 
0.500000 0.993307 0.000000 1.000000 1.000000 0.993081 0.500000 0.993307 0.500000 
0.500000 0.993307 0.000000 1.000000 1.000000 0.993081 0.500000 0.993307 0.500000 
0.500000 0.993307 0.000000 1.000000 1.000000 0.993081 0.500000 0.993307 0.500000 
0.500000 0.993307 0.000000 1.000000 1.000000 0.993081 0.500000 0.993307 0.500000 
