0.993307 0.500000 0.500000 0.500000 0.500000 0.500000 0.500000 0.500000 0.500000 
0.500000 0.500000 0.895140 0.924142 0.377541 0.924142 0.924142 0.924142 0.500000 
0.500000 0.500000 0.733271 0.996011 0.546792 0.924142 0.988746 0.868493 0.500000 
0.500000 0.500000 0.580042 0.999187 0.765375 0.924142 0.975068 0.939001 0.500000 
0.500000 0.500000 0.363948 0.999564 0.862241 0.924142 0.947857 0.978687 0.500000 
0.500000 0.500000 0.277972 0.999435 0.934466 0.924142 0.860535 0.986760 0.500000 
0.500000 0.500000 0.223149 0.999108 0.954350 0.924142 0.800570 0.990736 0.500000 
0.500000 0.500000 0.209181 0.998536 0.963333 0.924142 0.753199 0.991605 0.500000 
0.500000 0.500000 0.203165 0.997834 0.965690 0.924142 0.739987 0.991971 0.500000 
0.500000 0.500000 0.201584 0.997096 0.966490 0.924142 0.734158 0.992065 0.500000 
0.500000 0.500000 0.201053 0.996417 0.966629 0.924142 0.732613 0.992096 0.500000 
0.500000 0.500000 0.200959 0.995843 0.966593 0.924142 0.732093 0.992101 0.500000 
0.500000 0.500000 0.200981 0.995385 0.966507 0.924142 0.732000 0.992100 0.500000 
0.500000 0.500000 0.201036 0.995036 0.966422 0.924142 0.732022 0.992097 0.500000 
0.500000 0.500000 0.201092 0.994777 0.966350 0.924142 0.732076 0.992093 0.500000 
0.500000 0.500000 0.201138 0.994589 0.966295 0.924142 0.732130 0.992091 0.500000 
0.500000 0.500000 0.201174 0.994454 0.966253 0.924142 0.732176 0.992088 0.500000 
0.500000 0.500000 0.201201 0.994358 0.966223 0.924142 0.732211 0.992087 0.500000 
0.500000 0.500000 0.201221 0.994290 0.966201 0.924142 0.732238 0.992086 0.500000 
0.500000 0.500000 0.201235 0.994243 0.966186 0.924142 0.732257 0.992085 0.500000 
0.500000 0.500000 0.201245 0.994210 0.966175 0.924142 0.732271 0.992084 0.500000 
0.500000 0.500000 0.201253 0.994187 0.966167 0.924142 0.732281 0.992084 0.500000 
0.500000 0.500000 0.201258 0.994170 0.966162 0.924142 0.732288 0.992083 0.500000 
0.993307 0.500000 0.201261 0.994159 0.966158 0.924142 0.732293 0.992083 0.500000 
0.500000 0.500000 0.566096 0.994151 0.966155 0.924142 0.732296 0.992083 0.500000 
0.500000 0.500000 0.203922 0.998181 0.888407 0.924142 0.944301 0.992083 0.500000 
0.500000 0.500000 0.255927 0.997436 0.962117 0.924142 0.734896 0.988365 0.500000 
0.500000 0.500000 0.204380 0.997241 0.959492 0.924142 0.782387 0.991923 0.500000 
0.500000 0.500000 0.205616 0.996573 0.965689 0.924142 0.735343 0.991817 0.500000 
0.500000 0.500000 0.201609 0.996029 0.966005 0.924142 0.736543 0.992065 0.500000 
0.500000 0.500000 0.201365 0.995540 0.966405 0.924142 0.732637 0.992077 0.500000 
0.500000 0.500000 0.201106 0.995159 0.966393 0.924142 0.732399 0.992093 0.500000 
0.500000 0.500000 0.201111 0.994869 0.966360 0.924142 0.732144 0.992092 0.500000 
0.500000 0.500000 0.201132 0.994656 0.966309 0.924142 0.732149 0.992091 0.500000 
0.500000 0.500000 0.201165 0.994502 0.966266 0.924142 0.732170 0.992089 0.500000 
0.500000 0.500000 0.201193 0.994392 0.966233 0.924142 0.732203 0.992087 0.500000 
0.500000 0.500000 0.201214 0.994314 0.966209 0.924142 0.732230 0.992086 0.500000 
0.500000 0.500000 0.201230 0.994260 0.966191 0.924142 0.732251 0.992085 0.500000 
0.500000 0.500000 0.201242 0.994222 0.966179 0.924142 0.732266 0.992084 0.500000 
0.500000 0.500000 0.201250 0.994195 0.966170 0.924142 0.732278 0.992084 0.500000 
0.500000 0.500000 0.201256 0.994176 0.966164 0.924142 0.732286 0.992083 0.500000 
0.500000 0.500000 0.201260 0.994163 0.966159 0.924142 0.732291 0.992083 0.500000 
0.500000 0.500000 0.201263 0.994154 0.966156 0.924142 0.732295 0.992083 0.500000 
0.500000 0.500000 0.201265 0.994148 0.966154 0.924142 0.732298 0.992083 0.500000 
0.500000 0.500000 0.201266 0.994144 0.966153 0.924142 0.732300 0.992083 0.500000 
0.500000 0.500000 0.201267 0.994141 0.966152 0.924142 0.732301 0.992083 0.500000 
0.500000 0.500000 0.201268 0.994138 0.966151 0.924142 0.732302 0.992083 0.500000 
0.500000 0.500000 0.201268 0.994137 0.966151 0.924142 0.732303 0.992083 0.500000 
0.500000 0.500000 0.201268 0.994136 0.966150 0.924142 0.732303 0.992083 0.500000 
0.500000 0.500000 0.201269 0.994135 0.966150 0.924142 0.732304 0.992083 0.500000 
0.993307 0.500000 0.201269 0.994135 0.966150 0.924142 0.732304 0.992083 0.500000 
0.500000 0.500000 0.566104 0.994134 0.966150 0.924142 0.732304 0.992083 0.500000 
0.500000 0.500000 0.203925 0.998177 0.888394 0.924142 0.944303 0.992083 0.500000 
0.500000 0.500000 0.255937 0.997432 0.962115 0.924142 0.734900 0.988364 0.500000 
0.500000 0.500000 0.204381 0.997238 0.959490 0.924142 0.782396 0.991923 0.500000 
0.500000 0.500000 0.205617 0.996571 0.965688 0.924142 0.735344 0.991817 0.500000 
0.500000 0.500000 0.201609 0.996027 0.966004 0.924142 0.736545 0.992064 0.500000 
0.500000 0.500000 0.201366 0.995539 0.966405 0.924142 0.732638 0.992077 0.500000 
0.500000 0.500000 0.201106 0.995158 0.966393 0.924142 0.732399 0.992093 0.500000 
0.500000 0.500000 0.201111 0.994868 0.966359 0.924142 0.732144 0.992092 0.500000 
0.500000 0.500000 0.201132 0.994655 0.966308 0.924142 0.732149 0.992091 0.500000 
0.500000 0.500000 0.201165 0.994502 0.966266 0.924142 0.732170 0.992089 0.500000 
0.500000 0.500000 0.201193 0.994392 0.966233 0.924142 0.732203 0.992087 0.500000 
0.500000 0.500000 0.201215 0.994314 0.966209 0.924142 0.732230 0.992086 0.500000 
0.500000 0.500000 0.201230 0.994260 0.966191 0.924142 0.732251 0.992085 0.500000 
0.500000 0.500000 0.201242 0.994221 0.966179 0.924142 0.732266 0.992084 0.500000 
0.500000 0.500000 0.201250 0.994195 0.966170 0.924142 0.732278 0.992084 0.500000 
0.500000 0.500000 0.201256 0.994176 0.966164 0.924142 0.732286 0.992083 0.500000 
0.500000 0.500000 0.201260 0.994163 0.966159 0.924142 0.732291 0.992083 0.500000 
0.500000 0.500000 0.201263 0.994154 0.966156 0.924142 0.732295 0.992083 0.500000 
0.500000 0.500000 0.201265 0.994148 0.966154 0.924142 0.732298 0.992083 0.500000 
0.500000 0.500000 0.201266 0.994144 0.966153 0.924142 0.732300 0.992083 0.500000 
0.500000 0.500000 0.201267 0.994141 0.966152 0.924142 0.732301 0.992083 0.500000 
0.500000 0.500000 0.201268 0.994138 0.966151 0.924142 0.732302 0.992083 0.500000 
0.500000 0.500000 0.201268 0.994137 0.966151 0.924142 0.732303 0.992083 0.500000 
0.500000 0.500000 0.201268 0.994136 0.966150 0.924142 0.732303 0.992083 0.500000 
0.500000 0.500000 0.201269 0.994135 0.966150 0.924142 0.732304 0.992083 0.500000 
0.993307 0.500000 0.201269 0.994135 0.966150 0.924142 0.732304 0.992083 0.500000 
0.500000 0.500000 0.566104 0.994134 0.966150 0.924142 0.732304 0.992083 0.500000 
0.500000 0.500000 0.203925 0.998177 0.888394 0.924142 0.944303 0.992083 0.500000 
0.500000 0.500000 0.255937 0.997432 0.962115 0.924142 0.734900 0.988364 0.500000 
0.500000 0.500000 0.204381 0.997238 0.959490 0.924142 0.782396 0.991923 0.500000 
0.500000 0.500000 0.205617 0.996571 0.965688 0.924142 0.735344 0.991817 0.500000 
0.500000 0.500000 0.201609 0.996027 0.966004 0.924142 0.736545 0.992064 0.500000 
0.500000 0.500000 0.201366 0.995539 0.966405 0.924142 0.732638 0.992077 0.500000 
0.500000 0.500000 0.201106 0.995158 0.966393 0.924142 0.732399 0.992093 0.500000 
0.500000 0.500000 0.201111 0.994868 0.966359 0.924142 0.732144 0.992092 0.500000 
0.500000 0.500000 0.201132 0.994655 0.966308 0.924142 0.732149 0.992091 0.500000 
0.500000 0.500000 0.201165 0.994502 0.966266 0.924142 0.732170 0.992089 0.500000 
0.500000 0.500000 0.201193 0.994392 0.966233 0.924142 0.732203 0.992087 0.500000 
0.500000 0.500000 0.201215 0.994314 0.966209 0.924142 0.732230 0.992086 0.500000 
0.500000 0.500000 0.201230 0.994260 0.966191 0.924142 0.732251 0.992085 0.500000 
0.500000 0.500000 0.201242 0.994221 0.966179 0.924142 0.732266 0.992084 0.500000 
0.500000 0.500000 0.201250 0.994195 0.966170 0.924142 0.732278 0.992084 0.500000 
0.500000 0.500000 0.201256 0.994176 0.966164 0.924142 0.732286 0.992083 0.500000 
0.500000 0.500000 0.201260 0.994163 0.966159 0.924142 0.732291 0.992083 0.500000 
0.500000 0.500000 0.201263 0.994154 0.966156 0.924142 0.732295 0.992083 0.500000 
0.500000 0.500000 0.201265 0.994148 0.966154 0.924142 0.732298 0.992083 0.500000 
0.500000 0.500000 0.201266 0.994144 0.966153 0.924142 0.732300 0.992083 0.500000 
0.500000 0.500000 0.201267 0.994141 0.966152 0.924142 0.732301 0.992083 0.500000 
0.500000 0.500000 0.201268 0.994138 0.966151 0.924142 0.732302 0.992083 0.500000 
0.500000 0.500000 0.201268 0.994137 0.966151 0.924142 0.732303 0.992083 0.500000 
0.500000 0.500000 0.201268 0.994136 0.966150 0.924142 0.732303 0.992083 0.500000 
0.500000 0.500000 0.201269 0.994135 0.966150 0.924142 0.732304 0.992083 0.500000 
