0.500000 0.500000 0.500000 0.500000 0.500000 0.500000 0.500000 0.500000 0.500000 
0.500000 0.500000 0.562177 0.924142 0.528518 0.924142 0.924142 0.924142 0.500000 
0.500000 0.500000 0.530386 0.937245 0.774042 0.924142 0.943261 0.933553 0.500000 
0.500000 0.500000 0.272262 0.930834 0.806380 0.924142 0.934130 0.979572 0.500000 
0.500000 0.500000 0.244381 0.852455 0.933202 0.924142 0.795973 0.982569 0.500000 
0.500000 0.500000 0.154528 0.840593 0.924753 0.924142 0.772399 0.990678 0.500000 
0.500000 0.500000 0.159553 0.797105 0.947745 0.924142 0.684091 0.990280 0.500000 
0.500000 0.500000 0.146163 0.799754 0.938718 0.924142 0.689496 0.991326 0.500000 
0.500000 0.500000 0.151305 0.792637 0.942770 0.924142 0.674984 0.990929 0.500000 
0.500000 0.500000 0.148978 0.795391 0.940110 0.924142 0.680598 0.991110 0.500000 
0.500000 0.500000 0.150502 0.794148 0.941242 0.924142 0.678065 0.990992 0.500000 
0.500000 0.500000 0.149852 0.794963 0.940607 0.924142 0.679725 0.991042 0.500000 
0.500000 0.500000 0.150216 0.794616 0.940931 0.924142 0.679018 0.991014 0.500000 
0.500000 0.500000 0.150030 0.794811 0.940770 0.924142 0.679414 0.991028 0.500000 
0.500000 0.500000 0.150123 0.794711 0.940856 0.924142 0.679212 0.991021 0.500000 
0.500000 0.500000 0.150074 0.794761 0.940813 0.924142 0.679312 0.991025 0.500000 
0.500000 0.500000 0.150098 0.794734 0.940835 0.924142 0.679259 0.991023 0.500000 
0.500000 0.500000 0.150085 0.794747 0.940824 0.924142 0.679286 0.991024 0.500000 
0.500000 0.500000 0.150092 0.794741 0.940829 0.924142 0.679272 0.991023 0.500000 
0.500000 0.500000 0.150089 0.794744 0.940826 0.924142 0.679279 0.991024 0.500000 
0.500000 0.500000 0.150090 0.794742 0.940828 0.924142 0.679275 0.991024 0.500000 
0.500000 0.500000 0.150089 0.794743 0.940827 0.924142 0.679277 0.991024 0.500000 
0.500000 0.500000 0.150090 0.794743 0.940828 0.924142 0.679276 0.991024 0.500000 
0.500000 0.500000 0.150090 0.794743 0.940827 0.924142 0.679277 0.991024 0.500000 
0.500000 0.500000 0.150090 0.794743 0.940828 0.924142 0.679276 0.991024 0.500000 
0.500000 0.500000 0.150090 0.794743 0.940827 0.924142 0.679277 0.991024 0.500000 
0.500000 0.500000 0.150090 0.794743 0.940827 0.924142 0.679276 0.991024 0.500000 
0.500000 0.500000 0.150090 0.794743 0.940827 0.924142 0.679277 0.991024 0.500000 
0.500000 0.500000 0.150090 0.794743 0.940827 0.924142 0.679277 0.991024 0.500000 
0.500000 0.500000 0.150090 0.794743 0.940827 0.924142 0.679277 0.991024 0.500000 
0.500000 0.500000 0.150090 0.794743 0.940827 0.924142 0.679277 0.991024 0.500000 
0.500000 0.500000 0.150090 0.794743 0.940827 0.924142 0.679277 0.991024 0.500000 
0.500000 0.500000 0.150090 0.794743 0.940827 0.924142 0.679277 0.991024 0.500000 
0.500000 0.500000 0.150090 0.794743 0.940827 0.924142 0.679277 0.991024 0.500000 
0.500000 0.500000 0.150090 0.794743 0.940827 0.924142 0.679277 0.991024 0.500000 
0.500000 0.500000 0.150090 0.794743 0.940827 0.924142 0.679277 0.991024 0.500000 
0.500000 0.500000 0.150090 0.794743 0.940827 0.924142 0.679277 0.991024 0.500000 
0.500000 0.500000 0.150090 0.794743 0.940827 0.924142 0.679277 0.991024 0.500000 
0.500000 0.500000 0.150090 0.794743 0.940827 0.924142 0.679277 0.991024 0.500000 
0.500000 0.500000 0.150090 0.794743 0.940827 0.924142 0.679277 0.991024 0.500000 
0.500000 0.500000 0.150090 0.794743 0.940827 0.924142 0.679277 0.991024 0.500000 
0.500000 0.500000 0.150090 0.794743 0.940827 0.924142 0.679277 0.991024 0.500000 
0.500000 0.500000 0.150090 0.794743 0.940827 0.924142 0.679277 0.991024 0.500000 
0.500000 0.500000 0.150090 0.794743 0.940827 0.924142 0.679277 0.991024 0.500000 
0.500000 0.500000 0.150090 0.794743 0.940827 0.924142 0.679277 0.991024 0.500000 
0.500000 0.500000 0.150090 0.794743 0.940827 0.924142 0.679277 0.991024 0.500000 
0.500000 0.500000 0.150090 0.794743 0.940827 0.924142 0.679277 0.991024 0.500000 
0.500000 0.500000 0.150090 0.794743 0.940827 0.924142 0.679277 0.991024 0.500000 
0.500000 0.500000 0.150090 0.794743 0.940827 0.924142 0.679277 0.991024 0.500000 
0.500000 0.500000 0.150090 0.794743 0.940827 0.924142 0.679277 0.991024 0.500000 
